Epoch	AverageEpRet	StdEpRet	MaxEpRet	MinEpRet	EpLen	AverageVVals	StdVVals	MaxVVals	MinVVals	TotalEnvInteracts	LossPi	LossV	DeltaLossPi	DeltaLossV	Entropy	KL	ClipFrac	StopIter	Time
0	-35.152145	25.200758	-8.701923	-354.26297	21.037233	0.08945021	0.08526969	0.35595757	-0.23015012	4000	-3.259629e-08	659.9442	-0.042800505	-158.51276	0.91894335	0.009443653	0.36575	79.0	2.4582135677337646
1	-29.546762	8.984511	-11.777688	-57.84714	20.83158	-4.9639044	0.5927325	3.7099843	-5.1280313	8000	-5.029142e-08	203.89899	-0.03160362	-46.84657	0.90836614	0.015093371	0.29575	8.0	4.453789949417114
2	-29.65675	8.643893	-9.71223	-58.153057	21.182796	-7.4339747	0.42938858	2.5087533	-7.523141	12000	2.7474016e-08	159.48561	-0.030547652	-31.281012	0.9068402	0.015504517	0.29025	9.0	6.516143321990967
3	-28.007563	8.639401	-11.878135	-67.54904	21.693989	-9.461806	0.6078391	2.392525	-9.57555	16000	1.6763806e-08	109.37963	-0.06540318	-15.100979	0.9036392	0.007040063	0.3595	79.0	8.893949270248413
4	-25.489573	8.776232	-7.4806213	-60.72546	20.899471	-10.85331	1.202586	8.694967	-11.080863	20000	-1.1175871e-08	76.18465	-0.069292985	-9.639475	0.8954883	0.011414252	0.39475	79.0	11.280769109725952
5	-23.080889	7.581207	-0.8365708	-46.531296	21.93956	-10.608295	2.8773954	9.518438	-11.996278	24000	2.2817403e-08	51.759064	-0.03578059	-9.844627	0.88389504	0.01511049	0.27975	12.0	13.335983991622925
6	-22.909956	8.228363	-1.9548763	-61.258656	21.994474	-10.217645	3.2644415	8.357888	-12.761723	28000	-1.1175871e-08	50.760265	-0.026013942	-8.211555	0.8808045	0.015743844	0.193	6.0	15.32800006866455
7	-21.15208	7.201538	1.9516708	-52.19912	21.192513	-10.485082	3.5240436	1.6700728	-13.535042	32000	2.9802322e-08	35.117596	-0.023032313	-6.82021	0.8785002	0.015198997	0.29025	6.0	17.329322338104248
8	-21.33172	8.16971	-3.2616475	-44.789944	21.791208	-10.224406	3.929252	7.953283	-14.064512	36000	-4.656613e-09	39.612198	-0.023356788	-6.6386933	0.8756731	0.016718715	0.2495	6.0	19.381593942642212
9	-19.16124	7.3358464	-1.2826531	-50.495037	21.737705	-10.686494	3.8887978	-0.41554347	-14.623024	40000	-1.6763806e-08	27.970314	-0.02279465	-3.7650805	0.8726048	0.017982902	0.24675	6.0	21.346914291381836
10	-17.978956	7.4015546	-3.390434	-50.772488	21.666666	-10.151287	3.7285523	-0.67227286	-14.85879	44000	-7.450581e-09	26.267796	-0.025149833	-4.816368	0.86965245	0.017039578	0.27675	7.0	23.393829345703125
11	-15.65253	6.3883247	-1.905255	-35.80186	21.306452	-8.960246	3.8985236	2.2612348	-15.021368	48000	3.7252903e-09	19.229355	-0.026432104	-2.6545296	0.86594856	0.016731255	0.28649998	7.0	25.39064908027649
12	-17.030617	24.92461	1.49369	-341.2515	21.432432	-8.662816	3.4597228	-1.0174829	-15.032217	52000	3.7252903e-09	52.258114	-0.012989415	-4.5670133	0.862056	0.016867168	0.24000001	7.0	27.44004464149475
13	-13.807084	5.8912606	7.5253057	-34.627895	21.144384	-8.110061	3.6116862	7.7395225	-15.025063	56000	-3.7252903e-09	17.088863	-0.023039246	-3.2604215	0.8587267	0.01717462	0.2135	7.0	29.476516246795654
14	-12.882809	6.5498686	6.775354	-44.110348	20.857895	-7.5689025	3.097112	-1.1105838	-14.9204035	60000	5.5879354e-09	19.193386	-0.021684218	-3.1209502	0.8553535	0.016396057	0.22325	6.0	31.48193883895874
15	-12.1875925	5.243189	0.19174625	-26.467836	20.789474	-6.833462	2.843415	1.177103	-14.91876	64000	-1.1175871e-08	13.977806	-0.020156253	-2.8807867	0.85216075	0.016928822	0.269	6.0	33.517088651657104
16	-11.432542	5.6955233	5.507324	-29.472422	21.73077	-6.3876276	2.6439145	3.0513713	-14.438429	68000	1.4901161e-08	15.5568905	-0.020583648	-3.4376493	0.8487878	0.01553746	0.17750001	6.0	35.53725528717041
17	-10.30425	5.458788	2.011604	-30.348001	21.483696	-5.645412	2.6650834	2.9033785	-14.385914	72000	2.0489097e-08	16.068878	-0.020539846	-3.325792	0.8455499	0.015514169	0.21849999	6.0	37.54326915740967
18	-9.489556	5.2521477	1.5660837	-27.686777	21.259459	-5.0191474	2.2026026	5.9004507	-11.979001	76000	-1.1175871e-08	11.986472	-0.018858038	-2.0383482	0.84251195	0.016689636	0.2135	6.0	39.62664175033569
19	-9.834528	5.7440076	1.493274	-34.495514	22.089888	-4.9306407	2.0014734	2.531636	-12.583705	80000	7.450581e-09	14.242683	-0.029384645	-2.149502	0.83947444	0.015372569	0.20475	10.0	41.668452978134155
20	-11.844417	48.65639	7.2147026	-660.8967	21.917128	-4.7508907	2.3278224	3.481339	-12.265392	84000	1.4901161e-08	1168.8141	-0.008701477	-37.953842	0.83462757	0.016750537	0.23075001	8.0	43.71518349647522
21	-8.847425	5.502676	1.9282534	-30.477154	21.469946	-4.4458976	2.3115754	7.940399	-15.543854	88000	7.450581e-09	17.721577	-0.01919142	-4.3688126	0.83210194	0.015592746	0.1595	6.0	45.74668097496033
22	-7.704956	5.385616	14.925779	-21.81384	22.235954	-4.6129293	1.5900233	3.737205	-12.707502	92000	-8.381903e-09	14.301515	-0.028236812	-3.216769	0.8302654	0.015529128	0.22025001	10.0	47.82958388328552
23	-7.9492736	4.944926	5.4914074	-21.214499	22.22472	-3.4928007	2.224091	8.719255	-10.076326	96000	3.7252903e-09	11.688592	-0.022319086	-2.1178958	0.82629734	0.016955515	0.236	7.0	49.92097067832947
24	-7.496727	6.0102634	5.566952	-37.31901	22.05	-3.9262176	1.964295	8.582818	-13.889844	100000	-3.7252903e-09	13.271563	-0.028444672	-2.2736957	0.8233644	0.016172469	0.21325	9.0	52.00108742713928
25	-7.0554247	4.8963118	4.421665	-21.22399	22.078213	-3.548906	2.0954783	4.141981	-13.409811	104000	-3.7252903e-09	11.808314	-0.029248217	-2.2163868	0.8194803	0.015388496	0.211	10.0	54.06651425361633
26	-6.401449	5.0108624	9.633329	-22.898224	22.022223	-3.6067817	1.6554481	2.852755	-11.692826	108000	1.1175871e-08	11.777767	-0.022556126	-2.0930228	0.8151153	0.016693505	0.23275	7.0	56.12620210647583
27	-5.362502	6.33916	23.63828	-21.14134	23.28655	-3.0239768	1.7022427	7.233619	-9.835712	112000	2.7939677e-08	24.335989	-0.031046916	-8.922998	0.8121382	0.016209066	0.223	12.0	58.18771505355835
28	-5.938709	16.073433	14.186447	-193.71098	24.411043	-1.859085	3.0132177	14.174229	-13.82872	116000	-7.450581e-09	26.721462	-0.018991202	-6.611188	0.80720294	0.015331408	0.19225	9.0	60.27159285545349
29	-4.269105	6.448224	17.282967	-25.155077	24.2454	-1.3166057	3.4884818	10.143843	-9.834331	120000	-3.7252903e-09	18.09598	-0.014815225	-5.3862143	0.80410683	0.015496352	0.18225	5.0	62.285470962524414
30	-2.325236	8.95683	35.88745	-22.006716	26.326666	-0.95389736	3.6212652	11.723435	-7.929866	124000	-1.4901161e-08	37.78675	-0.034380533	-18.127441	0.80244637	0.016460083	0.23625	14.0	64.40210747718811
31	-2.195134	8.42046	28.704931	-17.62465	26.605442	0.23561746	4.9956064	14.674549	-11.788298	128000	-5.355105e-09	33.562862	-0.037964843	-13.46657	0.79809713	0.01614792	0.29525	17.0	66.53764796257019
32	-1.0146662	9.057985	33.193157	-18.609013	27.303448	0.70747495	5.117585	15.725761	-7.983129	132000	-2.7939677e-08	28.63306	-0.016914831	-9.961201	0.7937134	0.020075165	0.202	5.0	68.59348726272583
33	-0.15170676	11.337641	41.563404	-23.798746	29.574627	2.421043	6.0636725	16.065134	-12.43175	136000	-3.7252903e-09	49.556835	-0.01282474	-23.923706	0.79253983	0.016787725	0.23749998	5.0	70.60585570335388
34	2.6840136	13.658026	39.744076	-18.895039	33.16102	5.068663	7.501979	16.695827	-8.9511175	140000	1.8626451e-08	55.436466	-0.014998309	-24.36768	0.791334	0.016258884	0.22475001	6.0	72.68599796295166
35	2.095897	11.977154	43.579082	-25.376032	32.178864	4.2835426	7.7827606	17.24838	-10.603972	144000	-2.9802322e-08	46.441097	-0.03359071	-23.268044	0.78987384	0.015012484	0.25075	14.0	74.79822206497192
36	4.1987185	13.871236	39.810123	-33.1669	34.68421	3.8422794	7.1754675	17.664207	-15.250231	148000	-1.3038516e-08	71.832886	-0.03009329	-40.09606	0.78661	0.015561611	0.2	13.0	76.8861916065216
37	3.2585664	13.398104	36.130726	-18.224092	32.163933	4.5380793	7.7480593	18.20237	-7.13241	152000	-5.5879354e-09	48.45002	-0.032556333	-24.880217	0.784161	0.015762363	0.245	14.0	79.02352905273438
38	0.36683103	45.530792	37.403503	-477.801	31.918034	4.827031	8.208034	18.799751	-8.540592	156000	-7.450581e-09	1398.8673	-0.02330502	-151.79211	0.78166956	-0.0062754243	0.26125	79.0	81.4761655330658
39	5.063353	12.865074	38.773804	-26.239193	35.02655	5.7218976	9.609171	20.698656	-20.504232	160000	1.8626451e-09	79.417885	-0.017570447	-45.61647	0.77701795	0.015681822	0.2335	6.0	83.53278970718384
40	3.5746315	26.537964	39.82033	-234.45969	35.720722	5.755834	7.608347	20.911491	-8.532977	164000	0.0	374.83328	-0.01570609	-75.16066	0.7765618	0.015342151	0.20199999	9.0	85.57698249816895
41	5.710023	14.265587	35.857964	-22.971342	35.089287	6.7053947	8.511014	21.513012	-17.418972	168000	-1.8626451e-08	55.884476	-0.03080533	-28.216335	0.77582407	0.015349214	0.21125	12.0	87.61795592308044
42	6.1998367	14.2698145	39.31004	-23.744478	35.0	6.871158	8.320343	21.450735	-11.136661	172000	1.1175871e-08	47.63582	-0.03225269	-20.584284	0.7734066	0.016158408	0.24524999	13.0	89.71205282211304
43	6.2654014	34.17491	46.26316	-304.82162	37.314285	8.355456	9.067829	21.698694	-14.720739	176000	1.1175871e-08	824.67224	-0.0131968	-124.69748	0.7700732	0.015781991	0.19475001	8.0	91.81743144989014
44	6.154433	11.992762	42.01345	-13.4219675	34.094826	6.896992	9.369283	22.54711	-9.940925	180000	1.1175871e-08	49.10459	-0.035350546	-27.953657	0.7684657	0.015769787	0.282	16.0	93.93792867660522
45	7.812378	15.896078	43.620987	-21.513897	35.581818	7.088746	7.948174	22.32057	-6.2503004	184000	-3.1664968e-08	49.11228	-0.02597231	-22.717688	0.76592916	0.016386058	0.19	11.0	96.03123760223389
46	4.3663144	13.364375	49.668255	-19.378012	34.756756	6.5362344	9.251824	23.031239	-10.437938	188000	-2.2351742e-08	43.268982	-0.040128767	-19.733416	0.76355994	0.015466403	0.29525	19.0	98.18085265159607
47	5.286978	13.80663	54.538597	-19.608908	33.810345	5.5638676	8.410282	23.24257	-11.361694	192000	1.8626451e-09	43.482414	-0.029858975	-19.252151	0.7590602	0.015821734	0.23324999	12.0	100.32230615615845
48	7.2692695	14.974402	48.919975	-14.504797	33.584747	7.428903	9.1900015	23.893274	-6.797878	196000	0.0	36.45736	-0.017055618	-15.751915	0.7562102	0.015238237	0.147	6.0	102.35637831687927
49	5.9471154	14.698509	47.972256	-18.684443	33.627117	6.927425	9.89474	24.595045	-10.743871	200000	0.0	39.974987	-0.030495964	-17.78093	0.7546777	0.015876528	0.26275	11.0	104.43882060050964
50	7.2672944	14.154706	40.620716	-11.564318	34.19298	6.982134	9.119964	24.701817	-13.944473	204000	-1.1175871e-08	58.599842	-0.01340938	-32.57632	0.75196344	0.017992515	0.2035	5.0	106.5697877407074
51	11.513737	15.888572	53.07966	-12.627325	36.801888	8.890444	8.977486	25.228811	-14.2598505	208000	-3.1664968e-08	54.573807	-0.028038021	-29.51881	0.7508082	0.017342366	0.25375	12.0	108.65190649032593
52	9.930381	15.182982	44.082104	-21.319973	36.719627	10.078972	9.736299	25.615978	-8.714854	212000	-3.7252903e-09	40.458977	-0.019211914	-19.449322	0.7480755	0.015788011	0.18724999	7.0	110.77057528495789
53	9.535088	14.641706	43.511417	-17.23109	34.570175	8.776242	9.647944	26.132713	-12.5065975	216000	0.0	33.174103	-0.032662272	-12.337704	0.7466392	0.015558936	0.24000001	15.0	112.8833863735199
54	4.4484644	51.760082	48.558487	-516.3976	34.973213	9.427027	9.912055	26.380373	-9.072056	220000	3.7252903e-09	2173.9697	-0.0103139505	-310.09637	0.7433059	0.02003511	0.266	5.0	114.9542784690857
55	6.640939	42.437737	46.26913	-401.19034	36.425926	7.309826	8.645487	28.563742	-15.726496	224000	7.450581e-09	1447.2787	-0.007880015	-231.66586	0.74245703	0.016345251	0.20875001	5.0	116.97423219680786
56	8.307058	15.094303	42.77029	-14.947477	33.939655	7.2256746	10.394407	28.970428	-13.345039	228000	-2.561137e-08	47.699783	-0.031608835	-30.23564	0.7418879	0.0152567085	0.22375	13.0	119.01763916015625
57	11.503725	17.303928	55.245567	-25.921589	37.066036	9.022455	9.7093315	28.583588	-13.633283	232000	-9.313226e-09	42.29538	-0.031993907	-15.782009	0.73987037	0.016129324	0.25675	14.0	121.15509223937988
58	8.782586	14.8528805	48.027637	-15.921581	33.91379	9.017719	10.983629	29.117645	-6.621098	236000	-3.5390258e-08	43.889076	-0.02569737	-16.646612	0.7376942	0.015922938	0.18075	8.0	123.27279472351074
59	9.140337	15.260195	50.490025	-16.464472	34.252174	8.127666	9.316821	27.823444	-9.78751	240000	1.6763806e-08	36.934082	-0.032733504	-13.552094	0.73629546	0.016236415	0.24325001	14.0	125.46085667610168
60	12.383001	15.771868	51.64089	-15.513988	37.98077	10.767556	10.139609	29.237549	-8.7486105	244000	-2.9802322e-08	37.30317	-0.028055586	-14.877262	0.73359936	0.015770959	0.19025	10.0	127.52734613418579
61	13.450565	15.882996	57.434772	-7.7703257	38.13592	11.641574	10.047919	29.289993	-6.720332	248000	1.8626451e-09	33.6001	-0.037782848	-12.40926	0.73161864	0.015262812	0.30049998	18.0	129.61193823814392
62	11.8885	15.626961	44.76031	-10.933663	34.72807	10.019934	10.501366	29.653208	-7.70297	252000	1.4901161e-08	27.974787	-0.032658238	-9.594089	0.7276544	0.015168635	0.19775	13.0	131.7519028186798
63	12.413292	15.147164	47.890636	-11.803202	36.564816	10.325307	10.835209	29.58917	-8.85612	256000	-2.0489097e-08	38.150085	-0.02815347	-18.496897	0.72501886	0.015636569	0.22749999	11.0	133.93229007720947
64	10.433307	36.776676	44.728024	-332.15338	38.166668	11.048325	9.1641245	28.00868	-6.0906034	260000	-1.4901161e-08	997.72076	-0.012521967	-226.64218	0.7226343	0.015859932	0.24849999	8.0	136.04214644432068
65	6.2663264	50.619568	52.272114	-399.04504	35.504505	6.8673096	11.972781	31.201569	-32.08916	264000	-1.8626451e-09	1810.2817	-0.0124396905	-418.43472	0.7212906	0.015943866	0.20175	5.0	138.09311747550964
66	14.249633	17.099676	61.135708	-17.541363	38.940594	9.893655	11.290735	33.169167	-28.729567	268000	-2.9802322e-08	142.82065	-0.026485527	-103.238495	0.7208338	0.017094031	0.19025001	10.0	140.23246026039124
67	13.001216	15.765416	49.91812	-12.927584	36.69159	10.870691	10.069642	30.913488	-22.021627	272000	-1.4901161e-08	40.09452	-0.027930588	-12.952524	0.7199462	0.015170355	0.22625	11.0	142.34224271774292
68	14.243027	16.146915	52.380306	-6.2439795	37.04762	11.2079	9.943276	29.80209	-5.1638813	276000	1.6763806e-08	30.894638	-0.024010653	-11.687447	0.7183761	0.015497306	0.20775	10.0	144.43198990821838
69	14.035166	16.725124	57.28341	-11.667747	37.451923	12.317733	10.897198	33.23967	-8.670852	280000	3.3527613e-08	41.474358	-0.039946236	-15.850149	0.71682596	0.015536939	0.28599998	19.0	146.61802768707275
70	11.221578	60.33706	66.61456	-569.8971	38.764706	12.027223	10.611904	32.858124	-8.069438	284000	-2.2351742e-08	2476.6855	-0.010240801	-354.68115	0.7140909	0.015286309	0.18724999	5.0	148.71701884269714
71	7.471048	71.149506	59.4136	-703.57605	36.42056	11.8275585	11.8028555	34.68696	-16.61519	288000	-7.450581e-09	1605.6876	-0.010441363	-58.933086	0.7135882	0.015289929	0.25975	10.0	150.83661937713623
72	11.232829	64.72863	64.96339	-588.37946	41.76344	13.338068	11.390065	35.028263	-8.785436	292000	-2.6077032e-08	2220.9888	-0.02451959	-311.9235	0.7128993	-0.0069080535	0.23625	79.0	153.26863598823547
73	14.346822	16.92001	71.70621	-9.772162	36.980953	11.081429	11.75108	34.021523	-36.241196	296000	4.4703484e-08	54.330193	-0.031179069	-29.453163	0.710256	0.016574815	0.24774998	10.0	155.42453384399414
74	13.106913	38.91936	62.394684	-336.25128	38.13592	12.230595	11.777244	35.319218	-32.397213	300000	5.5879354e-09	704.5681	-0.015881695	-153.67961	0.7093517	0.015256242	0.21675	14.0	157.55793476104736
75	12.574624	16.944513	66.957924	-15.299298	35.85321	11.134535	11.841396	36.40129	-23.96462	304000	-3.7252903e-09	44.04766	-0.025862977	-18.825808	0.708055	0.015492779	0.1925	11.0	159.631733417511
76	13.76166	15.897178	52.430447	-14.152273	36.69159	11.06343	11.605451	36.29361	-25.04769	308000	-4.656613e-09	37.6904	-0.029961612	-13.136913	0.70647305	0.015057054	0.23200001	12.0	161.74017024040222
77	7.946183	60.250053	52.379192	-581.98114	36.657143	11.661079	11.224985	35.99531	-27.928488	312000	-1.1175871e-08	2268.0376	-0.00770789	-202.80383	0.70417386	0.017187707	0.22075	4.0	163.75575256347656
78	17.032	16.746632	72.946495	-14.986618	38.097088	10.720217	11.873767	32.55837	-22.185087	316000	-1.8626451e-08	73.304214	-0.04098475	-42.229797	0.70355856	0.015538434	0.30575	20.0	165.95075130462646
79	9.766295	26.360445	59.102345	-149.8594	34.526318	10.895155	10.913962	32.74861	-11.244805	320000	-1.3038516e-08	398.33386	-0.037227537	-82.69796	0.70081633	0.0068669748	0.3075	79.0	168.35629606246948
80	20.845133	17.304749	56.25113	-9.847145	39.927834	11.995163	9.76933	37.290714	-19.208418	324000	9.313226e-10	90.14635	-0.022697732	-60.21144	0.69491696	0.015683321	0.14074999	8.0	170.4139542579651
81	14.782228	27.185463	69.031425	-193.28006	36.654205	13.132052	12.111245	34.522793	-11.496552	328000	1.1175871e-08	238.47517	-0.01597479	-85.97139	0.6940873	0.016110606	0.2365	7.0	172.50845623016357
82	13.918831	17.04583	64.98426	-13.912829	35.45045	12.709398	12.280512	35.33091	-13.230248	332000	7.450581e-09	39.666676	-0.026018955	-16.60287	0.69327664	0.015809026	0.22375	10.0	174.5862159729004
83	14.883486	29.21783	53.323383	-226.53351	38.057693	12.222552	11.089883	35.025757	-12.447384	336000	0.0	404.04745	-0.010728911	-51.449524	0.6917811	0.016972104	0.239	6.0	176.68287301063538
84	18.423788	17.444433	54.763638	-8.65397	38.45631	13.721953	11.119942	35.054104	-10.316306	340000	-3.7252903e-09	42.256233	-0.031919274	-19.233833	0.6910074	0.01597729	0.24775	14.0	178.81789207458496
85	15.678551	18.668568	56.1485	-30.538954	36.25	12.3097515	11.50043	34.320232	-23.73362	344000	9.313226e-09	45.194828	-0.021373177	-14.003527	0.68920696	0.015147503	0.21425	7.0	180.89113068580627
86	17.454823	17.570883	60.810894	-7.4650273	36.324074	13.710788	11.784828	35.12034	-8.393055	348000	-7.450581e-09	26.72667	-0.024148311	-7.675683	0.6881644	0.015079003	0.1875	10.0	183.000586271286
87	18.027737	17.180435	59.357395	-9.252745	36.66355	13.357804	12.246158	35.190876	-6.041489	352000	2.7939677e-08	31.069027	-0.029226694	-11.334541	0.68594563	0.015075104	0.25175	12.0	185.07493090629578
88	15.5055	17.658579	65.031204	-13.3426695	35.567566	13.46846	11.936373	34.98561	-6.160327	356000	9.313226e-09	38.607456	-0.01597658	-15.381695	0.68267846	0.016986238	0.18125	5.0	187.16116428375244
89	17.514385	17.20971	57.438873	-9.753402	36.476635	13.056488	11.527649	35.08759	-6.1328793	360000	-9.778887e-09	38.160538	-0.017060082	-17.86827	0.6813151	0.015424712	0.263	6.0	189.224769115448
90	14.715131	48.541775	65.654564	-441.4547	37.2	14.225474	11.528458	34.812675	-6.770736	364000	3.7252903e-08	1136.507	-0.02221372	-151.20572	0.6797046	-0.006734346	0.22299999	79.0	191.7385721206665
91	12.528471	77.641945	65.67842	-749.37994	38.39806	14.094399	13.1418705	34.28354	-14.54711	368000	-3.7252903e-08	2024.5562	-0.012647037	-139.4882	0.67503315	0.015192429	0.223	13.0	193.827476978302
92	16.618267	18.293032	51.22251	-40.262577	37.485714	10.853927	12.635031	33.56157	-21.343657	372000	3.7252903e-08	80.21143	-0.018210711	-39.433304	0.6744879	0.015337734	0.223	7.0	195.90653824806213
93	11.337439	52.969364	62.81937	-503.44052	36.148148	12.498615	12.5283165	33.604836	-11.053443	376000	-9.313226e-09	1260.4098	-0.010893247	-153.47092	0.6739392	0.017765127	0.2545	7.0	198.03042936325073
94	13.219717	53.338753	56.017246	-498.03992	37.73077	12.144658	12.162725	32.52272	-12.443908	380000	1.3038516e-08	540.3222	-0.009811158	-59.187386	0.6732729	0.016144553	0.24400002	9.0	200.1218559741974
95	15.703129	20.764341	59.4238	-108.08926	36.49074	12.560183	12.199995	32.413174	-18.402702	384000	-1.4901161e-08	159.29071	-0.039153516	-32.87829	0.67254835	0.013328422	0.33499998	79.0	202.58516716957092
96	21.068947	18.604294	78.84554	-10.893631	39.40404	13.872914	10.859569	32.874996	-10.802491	388000	-3.7252903e-08	53.4859	-0.0151614845	-30.786236	0.6699266	0.016884169	0.18349999	5.0	204.66741514205933
97	19.682055	18.449373	55.702297	-9.334642	37.057144	14.013899	11.62981	32.656517	-11.674458	392000	-2.2351742e-08	27.159803	-0.02092418	-10.964501	0.66942525	0.016709493	0.2245	7.0	206.80543494224548
98	19.055046	18.14114	63.66768	-5.9955115	38.683167	14.778737	11.965926	34.989227	-9.229139	396000	-2.9802322e-08	43.371304	-0.025111852	-18.550434	0.6680191	0.016181517	0.22475	10.0	208.93229818344116
99	16.37205	36.586227	66.7291	-304.50806	38.80198	15.192405	11.81674	34.184895	-6.430033	400000	1.4901161e-08	845.8526	-0.009986373	-154.6777	0.6661059	0.019127168	0.25599998	5.0	210.97419953346252
100	19.319805	20.137875	66.45732	-14.483253	39.79798	13.616256	12.125335	33.76961	-15.294941	404000	-2.0489097e-08	53.497562	-0.026126904	-28.109678	0.66549	0.015417106	0.22075	8.0	213.07576823234558
101	17.119194	34.52912	72.2814	-271.413	39.262627	14.266848	12.889847	32.95036	-15.263397	408000	0.0	604.0873	-0.0087815	-90.46228	0.6645181	0.015855227	0.26075	5.0	215.1698660850525
102	18.273941	19.828428	64.39872	-21.022491	37.951458	12.878918	12.06296	36.6855	-17.917225	412000	-1.4901161e-08	36.430325	-0.0132123865	-15.404748	0.66392803	0.016178558	0.24525	5.0	217.29923224449158
103	12.981808	70.4326	87.41749	-665.173	38.653465	14.187658	12.546299	36.727215	-5.528544	416000	0.0	3542.5327	-0.009907525	-303.24353	0.66324204	0.016556147	0.199	5.0	219.4109492301941
104	22.432407	19.903952	69.45753	-7.7664013	42.566666	12.654702	11.827181	34.115788	-21.595465	420000	5.5879354e-08	82.24916	-0.024210405	-45.260662	0.66275334	0.015667222	0.15875	9.0	221.51978182792664
105	20.746498	19.492924	60.046	-9.365785	40.659794	15.275333	12.363821	34.48223	-16.256964	424000	-1.1175871e-08	44.863647	-0.023412127	-15.598057	0.66162837	0.015276346	0.22875	10.0	223.67921423912048
106	22.175577	19.127346	64.181244	-5.8683004	40.34694	14.213127	12.373942	34.744396	-8.068701	428000	-1.4901161e-08	35.181553	-0.03096476	-13.160524	0.659572	0.0152385365	0.26200002	10.0	225.76381039619446
107	15.461285	38.93911	70.91939	-254.98042	40.27551	13.922732	12.215973	35.75624	-9.807396	432000	2.2351742e-08	840.2253	-0.014313584	-168.00826	0.65739965	0.015749643	0.1515	4.0	227.82264757156372
108	19.661247	19.0758	55.828285	-13.188488	41.052082	11.913748	11.425047	35.420944	-17.330717	436000	-1.8626451e-09	63.045425	-0.01963611	-36.327488	0.6567284	0.015357763	0.18175	8.0	229.8991527557373
109	24.529964	17.963993	63.886932	-2.5661964	44.666668	15.21825	11.646205	35.48691	-17.695467	440000	1.3038516e-08	36.648567	-0.012925272	-12.62365	0.65527004	0.017189553	0.2365	5.0	231.95605444908142
110	12.6574	73.12076	64.42875	-671.53796	41.463158	14.395842	11.935594	36.08905	-9.351227	444000	-1.1175871e-08	2073.1702	-0.009009992	-310.90677	0.6543618	0.017388657	0.20525	5.0	234.0528666973114
111	16.26709	44.879215	68.31822	-365.95096	43.31868	12.983993	12.525502	37.77546	-24.432032	448000	1.8626451e-08	612.74646	-0.011863835	-58.13768	0.6536864	0.015652142	0.22025001	7.0	236.11964082717896
112	22.868876	19.462114	61.93591	-25.729074	43.533333	13.526949	13.728483	37.81676	-16.633686	452000	-2.7939677e-08	69.75398	-0.03033959	-25.223637	0.6528523	0.015071921	0.23574999	14.0	238.2852053642273
113	20.993343	19.266891	74.54361	-15.060627	42.692307	13.718947	12.614382	37.705906	-7.83875	456000	-1.4901161e-08	31.921572	-0.025218748	-11.1448555	0.65023685	0.016512536	0.22	9.0	240.37473678588867
114	24.463503	17.6545	66.856606	-10.558497	45.337208	14.4707985	12.203611	37.36029	-22.286186	460000	-7.450581e-09	52.676857	-0.03538477	-26.76062	0.6482384	0.01502418	0.283	16.0	242.52898740768433
115	25.371565	18.849865	77.206345	-8.4296055	44.382023	15.087649	11.66923	36.856194	-11.455393	464000	-2.4214387e-08	46.849106	-0.023837147	-14.464075	0.64493775	0.015329739	0.2015	8.0	244.62529754638672
116	21.743607	29.158361	68.79808	-186.5857	43.674156	16.015932	12.241032	37.81633	-12.874033	468000	1.1175871e-08	348.62878	-0.019306906	-68.14263	0.6432188	0.015250896	0.28324997	13.0	246.76624035835266
117	9.572227	82.92397	61.434124	-698.4462	41.404255	13.434703	11.708643	37.716198	-5.678588	472000	-1.1175871e-08	4913.4336	-0.01280449	-880.6874	0.6417786	0.016252227	0.24299999	7.0	248.8808422088623
118	25.561089	19.702808	74.18006	-7.779872	47.04819	14.187122	13.115507	40.07653	-37.080143	476000	-2.6077032e-08	87.925446	-0.023166368	-48.54396	0.64143306	0.015131302	0.19225	8.0	251.0256245136261
119	24.986223	21.5827	73.11189	-10.057616	46.79762	15.564798	13.216846	40.83512	-28.9917	480000	-1.4901161e-08	53.23073	-0.02798992	-23.163044	0.6406786	0.01608512	0.24525	10.0	253.18224596977234
120	6.699058	94.762054	63.394054	-657.63885	44.235954	14.634139	13.235088	41.67846	-9.686654	484000	-1.8626451e-08	5620.8477	-0.015721682	-674.9638	0.6393685	0.018563315	0.318	6.0	255.3628489971161
121	19.251192	18.32322	59.362713	-9.945121	42.391304	7.6364107	9.855143	30.858974	-15.34492	488000	-2.4214387e-08	117.70844	-0.012398839	-77.80038	0.6386679	0.017619409	0.20975	4.0	257.4263405799866
122	26.397131	19.757593	73.50342	-13.122337	47.168674	15.685243	11.85162	37.95129	-8.525559	492000	-1.3038516e-08	61.14196	-0.031907942	-24.820045	0.6382557	0.016115254	0.26174998	12.0	259.60629653930664
123	27.602957	19.888903	60.532818	-8.546274	46.81928	15.899854	11.691964	38.302708	-12.84956	496000	-1.1175871e-08	77.76878	-0.03643111	-39.642548	0.6361688	0.015174277	0.3225	23.0	261.79350304603577
124	23.007841	18.751524	64.94567	-7.677571	42.5	14.897331	12.560799	40.892498	-18.450268	500000	2.6077032e-08	38.336655	-0.025234167	-11.181569	0.63234925	0.015823241	0.23449999	10.0	263.8661985397339
125	21.404665	42.84622	63.636627	-245.43028	45.72619	17.0199	12.275343	39.897285	-18.071558	504000	1.6763806e-08	957.6625	-0.009092353	-129.64694	0.630267	0.015438548	0.203	5.0	265.93528747558594
126	24.286509	20.122356	64.658966	-15.872603	45.85882	13.746986	13.625969	39.24514	-10.549124	508000	7.450581e-09	73.7469	-0.01715314	-32.24517	0.62946516	0.015148485	0.25025	5.0	268.0607056617737
127	17.43571	67.60658	73.58801	-599.22266	43.173912	14.340918	11.859691	39.30139	-7.8133545	512000	7.450581e-09	3297.147	-0.013868049	-234.96747	0.6287587	0.016134094	0.3205	10.0	270.2012701034546
128	19.068027	56.175484	78.54039	-479.22137	42.703297	13.60195	12.109035	37.188133	-13.235142	516000	7.450581e-09	1545.0857	-0.012454742	-324.10754	0.62754434	0.01635307	0.277	7.0	272.2516553401947
129	23.93907	19.48313	67.50796	-8.069031	43.3	13.756483	12.4974785	37.23092	-21.545185	520000	-1.6763806e-08	71.08145	-0.02275552	-45.459076	0.62729925	0.016409066	0.18275	9.0	274.4008848667145
130	25.001488	17.49033	61.823303	-8.268308	43.752808	16.504461	12.82311	37.27681	-14.920359	524000	9.313226e-09	45.84601	-0.017420352	-16.20879	0.6265627	0.015166288	0.18875	6.0	276.50564527511597
131	20.853758	18.709776	70.200356	-10.002288	40.285713	14.166806	11.891052	36.814194	-9.214941	528000	2.0489097e-08	37.007835	-0.022150315	-12.505161	0.62556493	0.015115544	0.18875	7.0	278.58451533317566
132	25.854876	18.413813	63.79149	-16.401178	42.97778	16.436945	12.5303755	37.175648	-25.096218	532000	-1.4901161e-08	33.736546	-0.010849328	-10.360905	0.6240414	0.015862422	0.2195	4.0	280.63366770744324
133	19.749891	33.665894	77.678185	-208.83456	44.465908	14.523024	12.589062	37.560856	-10.637231	536000	7.450581e-09	558.2717	-0.010717259	-100.72079	0.62322503	0.019957282	0.2655	5.0	282.6986334323883
134	21.752401	20.846058	70.29327	-20.41195	43.177776	13.197985	13.456806	36.665527	-26.31174	540000	-1.3038516e-08	65.56141	-0.01571841	-31.601295	0.6223654	0.015349265	0.238	6.0	284.76999020576477
135	25.951735	19.51966	65.10194	-11.363474	45.588234	15.79416	13.183728	36.26427	-8.106956	544000	-2.7008355e-08	42.469894	-0.018109698	-16.918987	0.6213419	0.016615806	0.2015	6.0	286.8602964878082
136	25.175821	18.143194	60.96037	-12.01855	44.942528	15.408347	12.726474	36.84001	-22.938711	548000	3.7252903e-09	39.88404	-0.023690894	-17.07946	0.6202325	0.016148893	0.2855	9.0	288.9905438423157
137	25.31827	19.037481	64.07761	-11.094027	44.545456	15.25673	12.826795	36.864517	-38.018177	552000	1.3038516e-08	41.975456	-0.022054043	-17.69472	0.6186196	0.016074345	0.2525	8.0	291.0869171619415
138	26.46761	24.441889	80.31217	-81.37641	49.2125	16.890821	13.322384	36.8658	-33.97802	556000	1.8626451e-08	141.52173	-0.0128142005	-62.642097	0.6170395	0.017024249	0.16700001	4.0	293.14499592781067
139	28.492975	18.921747	78.39385	-7.9007773	46.035294	15.830039	12.450087	36.763542	-19.012852	560000	-1.6763806e-08	55.26482	-0.013072632	-27.473513	0.6162234	0.018760037	0.25675	5.0	295.2381639480591
140	26.169245	19.195736	74.55201	-12.500865	46.542168	16.882795	13.013541	36.860733	-14.236126	564000	1.8626451e-09	61.9408	-0.02247977	-31.345749	0.61509675	0.015529044	0.22975	9.0	297.37494826316833
141	30.557743	20.507626	101.74265	-18.136816	49.3038	17.801199	11.877178	36.43469	-13.227481	568000	2.2351742e-08	67.290955	-0.027413785	-30.13398	0.6133241	0.016236108	0.2335	11.0	299.5167348384857
142	21.575003	64.30657	82.22128	-522.10394	48.8375	17.577724	12.5073	35.725155	-18.490738	572000	-1.4901161e-08	2219.8083	-0.011575974	-250.439	0.61175126	0.015218714	0.18125	5.0	301.6314871311188
143	20.134472	42.08567	65.17514	-315.23663	47.39759	13.610143	11.821245	34.71501	-10.675466	576000	-2.9802322e-08	782.5822	-0.010995199	-123.98314	0.6112001	0.015602029	0.25075	6.0	303.7492878437042
144	31.511349	19.964636	80.34669	-3.9246554	49.564102	16.493217	11.707368	33.70657	-17.645546	580000	0.0	65.30176	-0.02938654	-37.379147	0.6105859	0.015920933	0.24125	12.0	305.86907386779785
145	23.188473	41.469353	73.36911	-300.00375	49.873417	16.666523	12.257585	34.740578	-19.562756	584000	2.7939677e-08	98.07161	-0.012634699	-39.112183	0.60882396	0.018323744	0.1925	6.0	308.03570890426636
146	21.767475	65.17347	77.7504	-517.8301	50.20779	15.906989	12.4183235	35.092926	-13.654297	588000	1.1175871e-08	2170.3982	-0.011813613	-386.72958	0.6079962	0.015321782	0.218	7.0	310.1639955043793
147	25.840145	46.65767	71.618996	-345.87744	49.0375	17.899458	12.656865	36.1541	-27.324623	592000	-3.7252903e-09	1278.2904	-0.010457756	-242.04886	0.6072334	0.018432252	0.23	5.0	312.28448605537415
148	23.604765	35.572433	74.47926	-248.34874	45.453487	13.4925785	13.448593	33.88977	-32.82077	596000	1.6763806e-08	586.04944	-0.012739787	-143.92848	0.6068144	0.016405089	0.246	7.0	314.3481414318085
149	28.11654	19.567417	69.8164	-8.969576	48.353657	15.160361	11.772443	33.594852	-14.694546	600000	-1.4901161e-08	71.00341	-0.011257118	-31.745392	0.6063861	0.015631739	0.19999999	4.0	316.46244597435
150	25.779627	40.70364	73.40596	-276.20248	50.896103	16.46884	12.262655	34.35363	-8.6264105	604000	5.5879354e-09	532.2178	-0.010420173	-95.04246	0.60600394	0.015320909	0.18124999	6.0	318.5653736591339
151	25.708708	19.653318	65.86081	-16.042719	51.493332	14.671958	12.52819	34.710613	-12.576628	608000	-1.4901161e-08	63.182922	-0.018464528	-28.853996	0.6053951	0.017963832	0.19125	6.0	320.66457056999207
152	18.77622	72.309296	83.63802	-570.5757	53.260273	15.803054	12.284422	34.393753	-10.273098	612000	2.2351742e-08	3223.2874	-0.008863341	-542.88696	0.6047018	0.017175991	0.25	7.0	322.729110956192
153	34.08558	17.564823	72.26176	-8.055499	55.28169	11.601643	10.953889	33.75246	-18.421663	616000	1.4901161e-08	161.88385	-0.020203803	-121.56898	0.60407203	0.015032262	0.21325001	7.0	324.8523099422455
154	32.1631	20.887953	68.460106	-16.411753	54.319443	18.469585	11.793611	36.089233	-33.010483	620000	-3.7252903e-09	94.543045	-0.03195591	-44.765358	0.603341	0.015609831	0.27975	14.0	327.0151033401489
155	35.233116	18.970882	75.99452	-11.983081	56.260868	17.748081	12.088451	35.05179	-13.117081	624000	-3.1664968e-08	74.11685	-0.027313368	-36.930676	0.6013302	0.015443191	0.201	12.0	329.19425535202026
156	35.802486	19.251867	82.2888	-12.152143	55.323944	20.682161	12.076983	35.995457	-15.798061	628000	2.2351742e-08	74.34638	-0.028622888	-36.28591	0.5993763	0.01611966	0.2565	12.0	331.3342704772949
157	33.558666	19.961632	84.1265	-3.4663224	51.32895	17.10243	13.257096	36.848087	-10.497975	632000	1.9092113e-08	48.355797	-0.021816501	-19.59987	0.59708923	0.015291496	0.21325001	8.0	333.41935753822327
158	29.167084	39.429264	80.25123	-254.07924	52.405407	17.982994	13.157175	37.739037	-17.427542	636000	7.450581e-09	860.4168	-0.010952286	-217.52206	0.5957138	0.015345796	0.2525	7.0	335.5860185623169
159	26.998247	58.95062	72.57977	-441.43182	54.01389	14.310081	14.57718	37.064026	-18.19838	640000	-3.7252903e-09	2919.3328	-0.030463066	-999.8324	0.5948248	0.0042640497	0.30650002	79.0	338.1177444458008
160	36.025795	21.157795	81.64652	-11.009445	56.955223	18.368843	13.083509	38.989243	-35.628986	644000	7.450581e-09	145.5114	-0.017388364	-80.493835	0.59231824	0.015215517	0.192	6.0	340.2515070438385
161	31.671703	19.593498	69.20033	-8.276085	52.45946	17.659412	11.282826	36.13048	-19.060127	648000	3.3527613e-08	66.99395	-0.025815763	-34.12293	0.5919871	0.015314529	0.22325	9.0	342.3655879497528
162	37.749374	18.600964	74.94257	0.3393419	56.014706	19.933334	11.464497	36.988026	-16.080662	652000	-1.1175871e-08	2560.8916	-0.0152020585	-282.43903	0.59099525	0.015378466	0.202	7.0	344.49952149391174
163	32.02767	19.576988	75.91257	-5.9613934	55.942028	16.402388	12.277978	35.01059	-17.876286	656000	-2.0489097e-08	123.70108	-0.017418567	-70.12921	0.59026504	0.0154202115	0.1895	6.0	346.6532735824585
164	34.531673	21.287249	73.533066	-15.946868	56.63768	17.044132	11.75655	35.181763	-15.24902	660000	-3.7252903e-09	93.91307	-0.019453049	-53.15384	0.58960885	0.015512556	0.211	7.0	348.77369236946106
165	23.661339	89.39601	78.94185	-709.50616	54.26389	18.509336	12.928506	37.862446	-24.106203	664000	-2.2351742e-08	2602.7654	-0.008659137	-333.16266	0.5888414	0.020252815	0.2245	4.0	350.8874456882477
166	35.34169	21.915215	74.22711	-15.019141	59.369232	18.502731	13.037448	34.92051	-19.416058	668000	2.7939677e-08	127.35664	-0.03891764	-63.53988	0.58832955	0.015225618	0.28875	19.0	353.0708329677582
167	28.077034	42.66792	77.147514	-285.4504	55.449276	16.667301	12.9554825	34.984787	-25.096457	672000	1.1175871e-08	725.54224	-0.01341154	-240.1684	0.5865676	0.015158673	0.20225	7.0	355.2767400741577
168	34.491558	24.5301	135.1639	-11.45547	56.550724	16.766552	12.25449	37.770016	-25.299986	676000	-1.1175871e-08	200.67586	-0.02351981	-107.87282	0.58633786	0.015527338	0.211	9.0	357.4430441856384
169	34.712376	17.295048	76.40239	-4.6565957	56.31884	18.562643	12.054274	36.95919	-30.876022	680000	-1.4901161e-08	87.8598	-0.02862889	-42.516197	0.58575535	0.015689608	0.22075	12.0	359.6186740398407
170	30.527239	23.581095	97.13544	-6.8195343	59.476925	16.241013	12.19378	35.407043	-19.958645	684000	-3.7252903e-09	134.69635	-0.018088244	-71.286964	0.5842259	0.017123848	0.2355	8.0	361.7835612297058
171	33.40096	20.13634	69.29718	-8.509286	55.842857	16.722551	12.91485	35.632973	-19.330612	688000	-7.450581e-09	82.03188	-0.0291786	-43.19598	0.58311254	0.016317733	0.23675	11.0	363.9429886341095
172	40.6261	21.444735	76.33264	-9.407248	60.546875	18.851465	12.4602375	35.480324	-18.550371	692000	6.7520887e-09	87.096176	-0.02898435	-42.88054	0.58190787	0.015592741	0.21450001	12.0	366.124742269516
173	33.823105	22.65347	77.41503	-5.0186567	59.375	19.531904	13.036565	37.613487	-14.401716	696000	-2.2351742e-08	75.066696	-0.032066014	-42.7331	0.58067566	0.015280156	0.26950002	12.0	368.2684750556946
174	32.42996	21.056417	74.66107	-9.650588	57.074627	18.058079	13.801441	37.924446	-15.809999	700000	7.450581e-09	94.389404	-0.027085215	-46.530052	0.57962745	0.015397316	0.24075	10.0	370.44422030448914
175	35.47493	19.3802	86.94854	-5.880096	57.088234	17.494804	13.15278	36.66459	-24.76308	704000	-3.9115548e-08	77.17978	-0.025695676	-39.913544	0.5780563	0.015613955	0.23925	9.0	372.6008789539337
176	38.581978	20.349468	80.79299	-5.3844585	56.794117	19.602388	12.050588	37.094078	-19.575024	708000	1.4901161e-08	69.29897	-0.032504797	-35.691303	0.5766133	0.015753597	0.26925	12.0	374.7346725463867
177	37.54458	18.415808	73.35763	2.9762635	57.72059	19.529669	12.158993	39.21911	-13.875104	712000	-1.5832484e-08	58.998337	-0.020286078	-26.790112	0.57505083	0.01584927	0.27275	7.0	376.844988822937
178	34.144337	22.404459	72.174065	-6.860035	58.61194	19.781712	13.200852	38.794266	-16.897638	716000	1.1175871e-08	102.72122	-0.02000399	-56.65059	0.5740646	0.015494308	0.21925	8.0	379.0677900314331
179	33.551918	22.51473	87.186584	-10.255132	56.47826	16.727707	13.355248	38.81763	-26.740707	720000	-7.450581e-09	86.346924	-0.03221123	-41.92471	0.5729865	0.016580155	0.28	12.0	381.2212221622467
180	35.511658	23.16923	85.893196	-20.995808	55.271427	16.997229	12.4468155	38.231285	-29.309261	724000	-7.450581e-09	111.79585	-0.01853663	-63.66848	0.5713922	0.018390821	0.25274998	7.0	383.38284945487976
181	35.621727	24.911943	70.55628	-93.288	57.77612	21.080477	12.126461	40.104492	-13.977568	728000	-1.5832484e-08	239.94182	-0.019896453	-136.558	0.57035524	0.015623104	0.22	9.0	385.5085413455963
182	37.103546	19.672844	72.42015	-16.642252	55.869564	19.82383	14.0521965	39.527756	-18.931955	732000	1.8626451e-09	80.4994	-0.024764743	-45.509216	0.5690115	0.015022939	0.21525	9.0	387.6715364456177
183	36.488445	18.74526	67.41037	-11.646961	58.272728	18.071644	12.76918	38.755383	-31.222404	736000	0.0	75.47129	-0.013638608	-43.724518	0.567782	0.01726418	0.1895	5.0	389.7981560230255
184	37.24809	21.405201	85.79063	-4.983332	57.701492	18.570776	12.314098	38.951706	-14.063364	740000	-1.4901161e-08	105.185814	-0.019044045	-66.60351	0.5671505	0.016542396	0.26174998	7.0	391.95078325271606
185	34.18885	59.83252	78.5349	-433.56296	57.77612	23.10049	12.810689	40.47468	-17.578234	744000	-7.450581e-09	2268.3228	-0.014049644	-473.987	0.5665342	0.016529173	0.30925	9.0	394.1042206287384
186	33.528187	45.78263	84.81721	-271.6247	63.885246	17.970884	14.583185	37.740868	-32.597054	748000	-1.1175871e-08	1004.9237	-0.011028346	-331.04657	0.56600285	0.015369997	0.18425	7.0	396.2279942035675
187	35.765762	20.031693	103.172844	-14.437115	56.594204	16.011354	13.576309	39.25274	-19.499098	752000	-5.5879354e-09	144.86212	-0.029674051	-102.78456	0.5656369	0.015676184	0.28074998	13.0	398.35816526412964
188	38.584675	20.51524	82.335396	-5.348813	57.455883	19.63973	12.8576355	39.75331	-22.817314	756000	2.2351742e-08	71.40454	-0.024452176	-33.613243	0.5639919	0.016199566	0.2235	8.0	400.4799327850342
189	41.249554	20.961037	76.99812	-6.9895124	60.0	21.050793	12.992575	41.208138	-16.36486	760000	5.5879354e-09	77.55371	-0.022787783	-34.248795	0.56281644	0.015594175	0.20025	9.0	402.5873472690582
190	43.373817	19.216583	98.81929	-7.3987107	59.43077	22.149923	12.034728	40.36012	-10.196913	764000	7.450581e-09	73.53872	-0.02411907	-39.085594	0.561472	0.015162161	0.238	9.0	404.7111201286316
191	31.287924	85.41202	124.39292	-604.3536	64.04918	22.248926	13.672611	42.505585	-16.619806	768000	2.2351742e-08	2685.0007	-0.014078526	-401.44073	0.56002825	0.015622018	0.23625	8.0	406.85062289237976
192	26.771486	97.85019	75.84941	-723.8785	61.904762	19.503647	14.271226	37.591568	-20.750933	772000	-2.9802322e-08	4866.4683	-0.012484793	-627.03656	0.5588876	0.015351822	0.26475	9.0	408.9942605495453
193	41.61598	22.142038	78.533516	-9.657221	60.84127	18.195469	14.097791	39.754036	-21.782595	776000	1.8626451e-08	158.00829	-0.018848006	-105.868	0.55795044	0.0152475685	0.1885	6.0	411.11299777030945
194	38.3628	21.431433	74.53911	-6.3999143	59.246155	21.906416	13.245387	42.159782	-14.262432	780000	-2.6077032e-08	356.35022	-0.025702726	-79.62987	0.55763596	0.015863266	0.28225002	14.0	413.21793723106384
195	13.938328	128.9062	79.92504	-539.023	60.609375	20.61807	12.681803	38.805855	-15.1276	784000	-1.1175871e-08	7203.373	-0.015462151	-937.3086	0.5567951	0.016439173	0.20899999	7.0	415.3661036491394
196	29.58568	67.63399	81.39931	-492.60504	58.268658	16.504555	11.843534	37.959858	-18.180763	788000	-3.7252903e-09	2581.7952	-0.009205431	-371.68182	0.55671674	0.016550312	0.29475	7.0	417.5141990184784
197	44.415737	17.402061	87.79266	0.83769596	64.08197	16.988605	12.463121	35.108833	-25.395498	792000	-2.6077032e-08	122.128815	-0.0289268	-74.37024	0.5569107	0.015946725	0.2325	11.0	419.67625069618225
198	32.969	79.80204	76.20461	-598.6132	58.104477	22.30345	12.315238	36.769794	-18.278885	796000	1.4901161e-08	3322.468	-0.010270419	-415.74384	0.55677664	0.017824128	0.21849999	4.0	421.85124349594116
199	25.979052	88.01307	95.50907	-544.86926	59.378788	21.69823	11.366908	32.94299	-18.580664	800000	0.0	3327.2878	-0.010476181	-676.7853	0.556588	0.015676297	0.14775	7.0	423.9789683818817
200	23.363697	91.26092	81.48552	-654.7496	60.765625	15.010979	15.962399	34.46251	-29.355272	804000	2.514571e-08	3520.748	-0.012317737	-450.69583	0.5565146	0.017001659	0.2525	5.0	426.1261661052704
201	36.362362	21.821642	85.137634	-10.333544	58.119404	13.789561	11.852864	31.759577	-23.867998	808000	-2.9802322e-08	173.69173	-0.019282177	-84.722626	0.5566177	0.015183297	0.2295	7.0	428.27365040779114
202	44.3871	21.938738	128.08417	-4.182015	59.39394	20.164146	10.410281	34.022797	-16.373926	812000	4.0978193e-08	128.54077	-0.034624256	-52.021065	0.5564177	0.015398352	0.255	18.0	430.4605779647827
203	35.543495	41.003284	93.95586	-255.40382	58.820896	20.945642	12.503048	38.63362	-13.153984	816000	-7.450581e-09	658.19336	-0.03672563	-75.81784	0.55464613	0.008062881	0.31274998	79.0	432.8934714794159
204	42.826347	18.52473	86.50429	-3.7722795	63.34426	20.408518	11.556315	38.42886	-14.70691	820000	-2.2351742e-08	90.609245	-0.028435193	-42.62883	0.55017656	0.015378085	0.18175	9.0	435.06908655166626
205	38.252808	21.198399	77.8046	-13.142371	64.9	21.005789	12.710301	41.761295	-10.866	824000	-3.7252903e-09	1270.044	-0.010508031	-249.03632	0.5492529	0.015210856	0.22174999	5.0	437.2345726490021
206	42.428864	20.868715	76.13173	-8.216832	62.048386	17.352253	13.4940195	37.50552	-12.762726	828000	7.450581e-09	140.21124	-0.031654023	-78.0718	0.5487398	0.015432323	0.256	12.0	439.37066674232483
207	44.149452	18.311804	77.85268	2.2874432	59.32308	20.92036	12.318923	38.489502	-13.558982	832000	-7.450581e-09	81.17993	-0.026352141	-31.351166	0.5474395	0.016563285	0.24399999	12.0	441.5695984363556
208	34.265934	35.891903	77.41968	-199.2748	59.515625	21.73571	12.546701	38.384117	-12.554014	836000	-9.313226e-09	550.7223	-0.009360652	-141.4751	0.54602295	0.016890723	0.23675	5.0	443.6947305202484
209	43.972294	20.388319	99.303345	-3.4118211	59.953846	17.985088	12.163446	38.72164	-11.867558	840000	4.0978193e-08	147.12766	-0.018950466	-99.6357	0.5455723	0.0155237205	0.229	6.0	445.8259561061859
210	42.85509	19.091612	80.44248	-2.8511136	61.809525	21.01614	12.980973	39.967262	-12.313431	844000	-3.7252903e-09	82.30266	-0.025371863	-37.866554	0.5450023	0.015140374	0.24575001	9.0	447.93916869163513
211	41.590054	18.271809	93.07744	-3.0211365	61.04762	21.969261	13.058129	43.69963	-14.623762	848000	2.9802322e-08	88.54234	-0.013717516	-42.363758	0.5439635	0.015758414	0.19025001	5.0	450.0550744533539
212	40.785015	18.998684	74.95519	-4.094236	58.656715	22.104174	13.406599	41.54711	-14.0979595	852000	0.0	87.42315	-0.032366	-47.24829	0.54354787	0.01523571	0.26700002	14.0	452.2311670780182
213	41.530933	40.91853	100.046364	-240.51657	59.369232	22.680439	13.014943	40.065308	-13.837297	856000	1.4901161e-08	591.9184	-0.010184286	-78.259186	0.5424684	0.016148577	0.20950001	6.0	454.34162998199463
214	41.878876	18.456966	79.30194	-6.6487784	60.3125	19.991665	12.715391	42.139214	-14.983175	860000	-3.7252903e-09	108.53754	-0.026450055	-52.252277	0.5422474	0.016292498	0.198	8.0	456.42334508895874
215	41.440113	26.331491	89.88562	-85.75692	60.38095	21.839836	12.335494	37.784946	-17.046425	864000	-4.5401976e-09	215.4295	-0.01795875	-62.17446	0.54176885	0.015050518	0.19275	9.0	458.544579744339
216	31.657045	82.2428	70.67943	-611.67706	60.16923	20.69589	13.202917	40.30846	-21.03809	868000	-7.450581e-09	3395.452	-0.008376669	-465.23413	0.54125166	0.016913299	0.26625	6.0	460.6535613536835
217	42.244564	17.381474	87.889946	2.7075925	57.60606	19.531551	12.174015	35.126198	-13.579372	872000	4.4703484e-08	130.09116	-0.027029648	-68.224205	0.5412506	0.015318824	0.26525003	9.0	462.82824087142944
218	40.556335	19.514797	80.1914	-4.5403404	57.402985	21.556078	12.642574	41.076443	-12.296368	876000	3.632158e-08	67.44333	-0.025916986	-29.925371	0.54054946	0.01624417	0.2565	11.0	464.9532091617584
219	38.524776	19.80311	84.25485	-10.0142565	58.96923	21.340973	13.587232	41.840416	-28.38873	880000	-3.5390258e-08	106.279785	-0.028150203	-42.93595	0.5392668	0.016018368	0.29475	12.0	467.1328601837158
220	35.723873	80.823586	83.395615	-552.7347	60.16923	22.165163	12.378595	40.523144	-23.296906	884000	1.4901161e-08	2650.8042	-0.012653266	-358.7688	0.5379805	0.020469125	0.2335	5.0	469.21494460105896
221	41.284283	22.47342	93.26818	-5.4530935	64.18033	19.810474	13.823173	39.56253	-22.67663	888000	0.0	142.13884	-0.013777888	-86.023834	0.53745	0.018263604	0.273	5.0	471.33343529701233
222	40.51083	52.98394	79.27424	-349.8139	61.80645	22.420078	12.095166	42.72685	-11.125392	892000	-1.8626451e-08	928.96387	-0.012084154	-212.44173	0.5368531	0.018485837	0.23250002	5.0	473.4296627044678
223	43.67012	22.432604	83.180664	-1.2015514	65.55173	19.80344	14.539306	41.59759	-18.732323	896000	3.5390258e-08	150.95215	-0.030223005	-92.21018	0.5364131	0.01587091	0.27324998	12.0	475.55769658088684
224	40.667847	31.58133	79.85759	-167.89001	58.70769	23.201477	11.393477	41.88748	-9.572254	900000	-1.3038516e-08	341.08234	-0.026150655	-67.53212	0.53597486	0.015224643	0.31024998	17.0	477.75797843933105
225	43.141586	20.726734	82.00651	-12.326947	60.246155	21.770638	13.057903	40.674137	-14.02749	904000	-2.6077032e-08	86.777565	-0.034907714	-34.973347	0.5352039	0.015825422	0.26749998	14.0	479.91360902786255
226	41.835304	36.693905	85.18895	-199.30162	62.229507	22.140287	13.07869	41.276573	-11.423917	908000	-1.1175871e-08	706.6214	-0.01817122	-150.54623	0.53473085	0.015125974	0.27775002	11.0	482.0421414375305
227	40.614723	63.885357	80.59784	-445.4052	62.15873	21.54307	11.76387	42.470108	-12.363489	912000	7.450581e-09	2356.1387	-0.0119529925	-365.99536	0.5339424	0.01796622	0.265	6.0	484.18762707710266
228	44.271755	20.65842	86.57818	-12.555321	59.784615	20.521145	13.623585	43.268105	-14.178292	916000	-1.4901161e-08	155.31946	-0.018417267	-105.02429	0.5335558	0.01582221	0.2355	6.0	486.3104717731476
229	29.802721	110.041626	89.897285	-635.5663	63.081966	24.494831	12.838573	42.826786	-17.052647	920000	-7.450581e-09	3911.8184	-0.013167284	-333.48352	0.5332212	0.015229848	0.25225002	5.0	488.41446447372437
230	40.131256	32.549004	81.47279	-170.18475	61.0625	19.567316	11.574911	37.78186	-14.738361	924000	-2.6077032e-08	446.20117	-0.03846059	-142.71881	0.53299147	0.015118721	0.3035	47.0	490.67296266555786
231	44.657047	20.178532	79.459236	-7.875421	61.174603	20.975065	11.41812	37.874596	-27.319777	928000	-7.450581e-09	102.67974	-0.027272686	-46.66449	0.5306804	0.015055794	0.19125	9.0	492.8125021457672
232	40.25932	22.066227	83.97625	-7.9078197	60.42857	21.45209	13.010655	38.110806	-16.064877	932000	0.0	104.96071	-0.028607659	-56.141853	0.5298561	0.015634384	0.26099998	12.0	494.9355628490448
233	49.867706	19.476677	81.607414	-4.073856	62.387096	22.940695	11.799942	39.14428	-12.516559	936000	1.8626451e-08	92.39409	-0.030251155	-46.069984	0.5285277	0.015678715	0.288	11.0	497.1113829612732
234	50.043148	37.711746	309.81674	-6.8575153	62.903225	25.131817	12.190707	40.938084	-13.884575	940000	-1.4901161e-08	638.54987	-0.01523239	-119.427765	0.527203	0.016302356	0.21724999	10.0	499.2597198486328
235	48.552525	19.566835	88.84761	-19.880703	61.30645	25.903795	13.143399	46.719334	-8.711849	944000	3.7252903e-09	106.67828	-0.023290511	-58.317314	0.5255444	0.015238785	0.21425	7.0	501.35031747817993
236	42.83812	51.482372	84.39375	-333.83698	62.241936	25.66479	13.306351	45.1039	-15.584202	948000	1.1175871e-08	741.1491	-0.0067628	-175.61876	0.52429414	0.016884733	0.22174999	4.0	503.48766446113586
237	43.93956	20.63826	85.31745	-7.1853285	60.890625	22.535416	13.921535	43.512283	-22.898014	952000	1.0244548e-08	143.61366	-0.025342148	-89.927956	0.5236694	0.01554792	0.23625	9.0	505.6675727367401
238	36.962128	44.315826	92.300835	-240.96855	61.69355	22.545023	13.526851	42.618256	-20.67604	956000	-1.1175871e-08	271.17047	-0.012940189	-100.41242	0.52277446	0.019027736	0.208	5.0	507.888934135437
239	32.92358	80.09727	79.39076	-510.82516	59.615383	22.72708	13.437297	43.58979	-20.311884	960000	0.0	2547.4055	-0.010290608	-519.60065	0.5224614	0.016364431	0.19125	5.0	510.0048100948334
240	48.025265	20.040955	88.85088	-9.509477	64.01667	22.11248	13.2922125	40.20586	-19.596205	964000	-1.1175871e-08	146.4739	-0.014515052	-95.29407	0.52233666	0.019594964	0.2025	4.0	512.1683025360107
241	51.00418	17.263546	86.4698	0.26552263	62.590164	25.485876	12.895636	43.153057	-11.370232	968000	2.0489097e-08	76.10019	-0.020687073	-33.67209	0.52225584	0.015966138	0.22349998	8.0	514.39870429039
242	47.303776	17.930153	89.05562	1.8693273	59.863636	25.043352	13.641498	43.772457	-20.19991	972000	9.313226e-09	86.21026	-0.01088684	-43.571266	0.5214027	0.016921367	0.15325001	4.0	516.495195388794
243	52.64199	40.212727	318.2318	-7.165081	63.916668	24.12478	13.868062	43.95334	-21.4023	976000	7.450581e-09	670.193	-0.015749423	-192.5443	0.52098364	0.015537351	0.2525	11.0	518.684335231781
244	48.036316	16.753761	89.20847	6.181529	60.359375	26.555038	14.714629	48.03269	-7.051848	980000	2.4214387e-08	105.841034	-0.018200954	-59.760475	0.520517	0.01611124	0.20775001	6.0	520.8396501541138
245	44.249603	64.471306	91.18968	-446.03354	60.390625	26.188831	13.203159	46.919117	-13.122423	984000	0.0	2064.5386	-0.009004461	-431.1053	0.5201963	0.015257246	0.223	6.0	522.9322710037231
246	43.170784	66.367836	89.670715	-462.17807	59.6	23.493034	14.44704	46.659935	-25.374016	988000	-7.450581e-09	1861.521	-0.009908164	-260.44357	0.5199393	0.016068684	0.22049999	6.0	525.0732271671295
247	47.652428	18.746252	81.46554	-2.7357352	59.31818	23.412426	13.089424	42.87729	-17.310404	992000	-2.7939677e-09	91.30524	-0.016456854	-44.595867	0.51981986	0.015162594	0.19575	6.0	527.2134058475494
248	49.87818	20.517063	98.83718	-5.521907	62.35484	25.279259	13.872447	46.46901	-16.132345	996000	-1.1175871e-08	80.87019	-0.020594072	-28.882948	0.5195781	0.015396009	0.2325	8.0	529.366293668747
249	41.936832	66.72421	87.415276	-449.8648	62.532257	25.869827	13.55304	45.803726	-17.766685	1000000	-2.2351742e-08	2021.2374	-0.007904118	-277.6538	0.5187815	0.01529135	0.28100002	5.0	531.4889299869537
250	32.067017	88.351746	77.66558	-662.91766	59.661537	22.970509	14.1435795	43.61247	-17.741495	1004000	-2.2351742e-08	9169.295	-0.013828291	-1964.7126	0.51842976	0.015633544	0.2185	6.0	533.6205077171326
251	47.546635	18.813158	82.30786	-15.143375	60.2	13.726398	17.517927	45.353725	-47.71694	1008000	1.6763806e-08	419.4572	-0.010535022	-354.95905	0.5183023	0.016123971	0.18625	4.0	535.6707155704498
252	41.5114	65.86228	90.15688	-461.35324	60.546875	24.657812	12.8740425	41.528275	-23.400614	1012000	7.450581e-09	1755.1714	-0.01045899	-199.973	0.5182222	0.015229527	0.265	6.0	537.7739949226379
253	44.0193	37.98665	84.62792	-217.8838	58.878788	24.996351	11.995658	43.95636	-12.187304	1016000	7.450581e-09	423.6585	-0.020451616	-71.62915	0.51807183	0.015227376	0.261	11.0	539.862245798111
254	46.560013	40.93458	88.489914	-226.74232	63.677418	24.23536	12.649682	43.399387	-12.308367	1020000	-8.381903e-09	1004.30396	-0.013426177	-246.76913	0.517566	0.015645346	0.23775	7.0	541.9735760688782
255	45.69938	19.272326	86.50342	-0.8116963	63.18033	23.208906	13.5859	45.72464	-18.702038	1024000	1.4901161e-08	139.71826	-0.019224808	-63.217514	0.51723003	0.015002238	0.20825	7.0	544.0944426059723
256	37.082314	55.859116	90.139145	-382.24255	59.734375	22.69473	13.043775	43.304142	-16.766165	1028000	2.2351742e-08	1422.2605	-0.013561243	-146.58875	0.51665294	0.015046918	0.28649998	10.0	546.1976346969604
257	48.946915	19.769836	94.36006	-3.311848	61.603176	22.57751	12.537396	43.45448	-12.891861	1032000	9.313226e-10	97.79605	-0.04018003	-41.50411	0.51629686	0.015480603	0.31275	21.0	548.3827459812164
258	51.52443	21.300749	102.95111	5.1528554	61.109375	24.369139	12.924905	47.02784	-12.91777	1036000	0.0	100.47002	-0.03430198	-37.08933	0.5145573	0.015051404	0.27625	13.0	550.5184302330017
259	22.72205	113.94651	83.659706	-548.9774	58.123077	27.599224	12.9935	49.274982	-13.365545	1040000	7.450581e-09	7098.3994	-0.022793297	-2321.6887	0.5132083	0.015689129	0.2715	15.0	552.5994663238525
260	40.95804	66.54313	94.87211	-351.7389	59.246155	19.282122	21.96885	46.940414	-62.05634	1044000	1.8626451e-08	1894.2426	-0.015460825	-620.211	0.5125868	0.017551199	0.2395	7.0	554.7615427970886
261	45.60996	25.210644	84.77784	-90.360664	58.49254	24.903894	18.414082	46.105415	-64.43033	1048000	3.7252903e-09	410.5538	-0.015327549	-203.56493	0.5124305	0.015526794	0.2295	7.0	556.8796186447144
262	49.12745	17.478483	106.69494	5.0953503	57.696968	23.461096	12.784254	42.375496	-18.744808	1052000	2.0489097e-08	128.93808	-0.025508966	-62.63057	0.5120888	0.015872117	0.233	10.0	559.0340759754181
263	50.8686	17.935637	103.27752	-8.234695	61.079365	26.519274	13.031794	45.619633	-18.952047	1056000	3.7252903e-09	120.19472	-0.03246679	-61.55976	0.5114613	0.015147109	0.2595	15.0	561.1859729290009
264	49.428753	15.45368	77.83874	-5.304548	55.528572	25.400007	12.664742	45.726246	-16.778076	1060000	1.7695129e-08	60.54717	-0.0125580635	-22.129185	0.50996053	0.016748544	0.20975	5.0	563.3088417053223
265	48.350735	19.899319	94.62545	-0.59849304	59.696968	26.683952	13.701039	45.464947	-24.281357	1064000	-9.313226e-10	109.70923	-0.03290282	-54.917152	0.5092604	0.015749972	0.254	13.0	565.481029510498
266	43.338184	57.94509	85.45593	-412.37708	56.434784	25.46361	13.461746	44.924152	-13.476259	1068000	-1.4901161e-08	1590.4735	-0.026768608	-225.55287	0.50801957	0.0013207342	0.28750002	79.0	567.9123899936676
267	51.74675	18.500946	96.099266	2.2421877	62.741936	24.954596	14.495581	49.79175	-31.013878	1072000	2.6077032e-08	116.37144	-0.016218403	-61.769325	0.50563306	0.016825944	0.25725	5.0	570.0130577087402
268	47.405075	31.379698	85.09872	-163.74695	58.641792	26.037846	14.020834	48.5282	-18.204365	1076000	-5.5879354e-08	432.72006	-0.017820615	-64.2346	0.50529355	0.015413336	0.27475	10.0	572.1407558917999
269	44.273685	41.97779	90.388435	-256.90298	58.89394	23.407164	13.871988	48.72679	-23.85034	1080000	-2.2351742e-08	780.21576	-0.016724749	-164.19745	0.5047647	0.015817927	0.27125	10.0	574.3160221576691
270	51.64787	17.812626	87.41543	0.4473972	60.5	24.338184	13.508862	45.74119	-25.949171	1084000	1.6763806e-08	82.27263	-0.028492585	-38.00878	0.50454175	0.015388009	0.21975	11.0	576.4427335262299
271	55.261795	17.313046	88.02223	-1.7531174	60.47619	26.111444	13.208835	48.968918	-10.167467	1088000	2.2351742e-08	67.79716	-0.010100144	-25.29767	0.50345474	0.019058257	0.23675	4.0	578.5643565654755
272	47.72632	22.12364	88.822174	-10.525875	60.15625	26.513731	13.333298	50.253437	-11.730837	1092000	-4.8428774e-08	96.79237	-0.014284371	-41.32846	0.5028776	0.018357057	0.2435	5.0	580.6838567256927
273	33.76894	101.275185	101.80782	-571.58124	58.484848	25.472965	13.365556	47.916187	-15.447447	1096000	0.0	5233.7925	-0.011950262	-713.4712	0.5020953	0.018163437	0.25599998	5.0	582.7845220565796
274	46.01111	50.71753	97.86831	-345.42554	57.294117	23.01018	14.167738	49.88262	-30.791096	1100000	0.0	1563.0635	-0.009520389	-449.08746	0.501503	0.015172182	0.18	5.0	584.9235153198242
275	42.504444	82.99477	94.4963	-608.67975	59.107693	23.16651	18.667397	51.94755	-51.190758	1104000	-2.9802322e-08	2764.9878	-0.010205403	-620.87573	0.501193	0.016705135	0.25	6.0	587.1112539768219
276	52.44736	20.129873	114.20524	8.405827	61.836067	23.363874	14.820686	46.65258	-47.90998	1108000	-5.5879354e-09	189.66248	-0.022074616	-125.89161	0.50098526	0.016992388	0.21724999	8.0	589.1914885044098
277	47.525635	19.26573	94.860825	-4.1749444	59.454544	25.642134	13.969454	51.32864	-12.028556	1112000	0.0	82.64003	-0.024703827	-32.69069	0.5004166	0.015678942	0.19225	9.0	591.3109302520752
278	46.177654	43.56125	88.970764	-267.29834	58.76923	25.247002	13.635298	49.54371	-24.56991	1116000	-1.3038516e-08	482.1749	-0.010393209	-242.08365	0.4992932	0.016653504	0.23124999	4.0	593.4344646930695
279	48.274166	32.52378	88.54736	-150.36096	61.786884	23.895168	15.579227	49.689575	-59.932056	1120000	1.8626451e-08	548.0599	-0.009501956	-259.01196	0.498888	0.01592591	0.24225	5.0	595.5344045162201
280	44.205242	72.46861	96.17804	-520.2843	59.846153	26.297094	14.243671	50.353794	-13.022728	1124000	7.450581e-09	2583.887	-0.013099274	-447.00793	0.49846202	0.015314026	0.26275	10.0	597.6296811103821
281	51.109394	20.880445	99.45174	-3.4612014	61.142857	27.549871	12.193318	52.27188	-14.048176	1128000	-1.3969839e-08	123.89319	-0.030336622	-60.326736	0.4979679	0.015386086	0.24425	12.0	599.8095417022705
282	42.028442	74.46552	85.71167	-533.4072	58.723076	24.186138	15.361287	52.47845	-17.72232	1132000	0.0	2168.6838	-0.010481276	-723.4313	0.49700418	0.016656842	0.24575001	5.0	601.883880853653
283	46.579258	17.912153	81.93409	5.1720195	60.296875	22.766266	15.745185	44.38484	-57.916847	1136000	1.8626451e-09	191.45404	-0.022272578	-130.92538	0.49659988	0.016589642	0.206	9.0	604.0093584060669
284	52.48871	19.486069	91.872635	3.248018	61.698414	25.598207	13.503673	48.342854	-15.462555	1140000	3.7252903e-09	104.62619	-0.034172345	-47.850395	0.49583802	0.015990924	0.259	14.0	606.177206993103
285	51.3875	21.65604	104.4945	5.190565	65.118645	25.025473	14.79553	48.330994	-18.508316	1144000	-1.4901161e-08	114.285545	-0.027767282	-46.661087	0.49356106	0.015162916	0.227	11.0	608.313455581665
286	35.600952	91.455734	96.82216	-646.7665	63.3	24.026918	14.67347	49.95717	-18.87858	1148000	-7.450581e-09	3618.4875	-0.010833446	-705.3013	0.4917123	0.015733924	0.23425	6.0	610.4495289325714
287	59.206516	43.621304	348.04865	0.15466988	64.78333	23.958075	14.997297	45.65872	-29.154392	1152000	1.1175871e-08	921.4174	-0.02153312	-311.6702	0.4912266	0.016630447	0.1965	12.0	612.5524551868439
288	38.57043	87.20647	89.78582	-624.85706	61.64516	28.00271	15.617278	66.74949	-18.563232	1156000	-2.2351742e-08	3798.9802	-0.012237798	-758.3703	0.4906481	0.017251013	0.201	6.0	614.6373391151428
289	45.4549	57.13463	89.25542	-372.9508	63.435482	19.88235	17.964903	56.782177	-41.846207	1160000	-1.6763806e-08	1994.8374	-0.010758359	-464.4157	0.4900358	0.015848678	0.202	5.0	616.7494342327118
290	57.71629	19.9123	97.713036	8.513942	69.82143	21.46546	14.323825	55.92013	-19.828465	1164000	1.4901161e-08	191.75116	-0.023644362	-122.13547	0.4896415	0.01590925	0.26525	9.0	618.8959879875183
291	54.288612	17.101925	104.18761	15.775803	62.49206	27.256905	13.953898	56.69618	-23.509747	1168000	-1.4901161e-08	93.5576	-0.030010795	-37.726418	0.48900536	0.0153634595	0.221	12.0	621.0087506771088
292	54.328358	22.567951	108.39048	5.604618	64.0	28.37787	13.814736	56.648674	-12.024303	1172000	0.0	98.21004	-0.023361698	-41.586746	0.48737046	0.016364358	0.249	9.0	623.0833775997162
293	54.576164	18.546217	95.95965	3.6199174	63.262295	26.288551	14.185957	54.572243	-18.572529	1176000	-2.2351742e-08	99.95964	-0.03138553	-54.221836	0.48590136	0.01566884	0.2755	12.0	625.2312679290771
294	54.59627	19.451464	99.23252	-10.286953	59.81818	28.636412	14.54488	52.063354	-19.63854	1180000	-3.7252903e-09	68.41405	-0.032187663	-27.767332	0.48412144	0.015051583	0.26825	14.0	627.3703217506409
295	51.20016	17.62488	91.25357	11.466984	59.121212	28.159086	14.261445	49.089573	-16.255108	1184000	1.3969839e-09	74.509	-0.013667484	-33.01256	0.4833931	0.017047875	0.2325	5.0	629.4452893733978
296	53.36336	22.861074	97.61423	3.2532964	64.1	26.50149	14.703136	51.2745	-14.771692	1188000	-9.313226e-09	66.78644	-0.020119715	-21.83813	0.48336697	0.0152316075	0.20925	7.0	631.5489768981934
297	49.0128	60.57123	117.29164	-400.04742	62.741936	28.367193	14.025414	50.031822	-18.745518	1192000	1.1175871e-08	1447.9666	-0.011759367	-324.4332	0.48307014	0.015678504	0.25599998	7.0	633.697078704834
298	53.729347	21.704716	97.78795	6.7462025	62.935482	26.681686	14.297209	56.215168	-37.815357	1196000	-3.4458935e-08	117.19559	-0.01969903	-64.91909	0.48293456	0.01551741	0.24600002	7.0	635.9121770858765
299	40.81413	91.959946	92.26216	-642.1508	65.47458	27.204546	14.717082	52.78129	-29.704327	1200000	1.8626451e-08	3821.8252	-0.014068726	-628.9623	0.48258322	0.016032875	0.2515	10.0	638.068629026413
300	55.27066	21.12463	91.57423	-2.6887074	67.649124	19.964825	17.008486	51.32886	-20.196915	1204000	2.8405339e-08	288.72818	-0.033176556	-215.72101	0.48223385	0.016142229	0.253	15.0	640.2568874359131
301	55.8291	35.14488	94.075226	-180.95583	65.694916	28.274406	13.177149	56.22766	-10.862165	1208000	0.0	414.75104	-0.019007832	-146.86201	0.48116416	0.01613971	0.21599999	10.0	642.4106998443604
302	56.988846	18.628769	102.69975	-13.95663	64.830505	29.54173	15.650759	53.629467	-29.081059	1212000	1.1175871e-08	140.66931	-0.020428453	-91.45935	0.48015815	0.017383765	0.22525	7.0	644.4539113044739
303	52.86792	21.763548	106.878265	-6.346609	64.8	28.159805	14.66197	57.20831	-10.238304	1216000	-7.450581e-09	118.28302	-0.037193213	-59.987846	0.47962815	0.015261882	0.28425002	19.0	646.6119215488434
304	44.65851	72.75268	104.215126	-513.168	60.265625	26.284552	14.4996	51.2716	-12.847651	1220000	0.0	2843.4727	-0.027329234	-504.27744	0.47752985	-0.005423298	0.27425	79.0	649.012969493866
305	55.27647	21.30489	104.0737	-1.8879118	62.57377	23.284004	15.580892	53.651474	-28.224653	1224000	-9.313226e-09	177.64423	-0.022327509	-122.02095	0.473814	0.015467699	0.1755	8.0	651.1442408561707
306	53.70063	21.150274	95.095184	-4.4677763	59.815384	29.500004	15.099668	55.73358	-18.127274	1228000	2.2351742e-08	81.907715	-0.032161944	-38.856674	0.47324353	0.017175741	0.25274998	14.0	653.2763292789459
307	46.0601	63.06579	110.36452	-419.41293	62.70968	26.146944	15.327089	51.4077	-17.805805	1232000	-2.9802322e-08	2368.7935	-0.008318355	-440.97632	0.4715583	0.018699162	0.24325001	5.0	655.4021008014679
308	56.240097	20.597506	89.12046	4.0521154	64.416664	26.485806	15.69467	52.658504	-19.62642	1236000	7.450581e-09	160.21759	-0.022996236	-108.64336	0.47101825	0.015450379	0.21925	9.0	657.5383660793304
309	56.068413	17.475336	94.187706	15.67386	63.35	27.562384	14.919926	50.614716	-27.745438	1240000	1.8626451e-08	74.87468	-0.023009641	-29.62444	0.47011733	0.015335261	0.2575	8.0	659.636100769043
310	54.986538	22.6425	98.10096	-25.172165	65.82758	27.108461	14.359762	51.079803	-21.291464	1244000	-7.450581e-09	136.08237	-0.015444588	-44.57181	0.4694762	0.017489789	0.2305	6.0	661.7765166759491
311	52.22977	35.09767	106.965614	-172.51515	62.31746	26.830667	15.705625	51.74582	-13.996222	1248000	0.0	499.905	-0.022944428	-118.590126	0.46914563	0.015020324	0.27350003	15.0	664.0044457912445
312	58.375153	19.503323	97.06778	8.903031	65.22034	27.009956	15.483908	51.037098	-22.644192	1252000	-1.6763806e-08	77.81024	-0.025722332	-35.56285	0.46867016	0.015125948	0.17324999	9.0	666.1565892696381
313	51.20649	17.162926	82.806305	5.5703554	59.123077	27.962648	15.062254	53.106674	-21.873226	1256000	2.6077032e-08	85.671425	-0.022984717	-41.12285	0.46803972	0.016871441	0.22925	8.0	668.2702012062073
314	49.33642	21.347082	92.285034	0.836363	59.984375	24.877934	14.799367	49.29992	-20.2779	1260000	-7.450581e-09	103.87589	-0.011881124	-49.893623	0.4670269	0.016329948	0.23625	4.0	670.3804304599762
315	45.871708	56.74385	91.15396	-352.74802	61.887096	26.414534	14.865669	54.81516	-22.254152	1264000	-1.1175871e-08	1311.2589	-0.009149161	-259.53455	0.46645123	0.015074067	0.22049999	5.0	672.5509979724884
316	53.19311	23.721073	100.050606	-7.343456	64.196724	24.818008	14.002396	50.407944	-14.5801325	1268000	-1.6763806e-08	150.0835	-0.017034233	-95.66783	0.46578425	0.015770253	0.23125	6.0	674.6864428520203
317	56.227562	76.790565	513.6956	-287.41464	63.566666	27.317434	14.596521	56.595078	-12.095485	1272000	7.450581e-09	3592.967	-0.014062377	-1078.0647	0.46518457	0.018712124	0.3075	8.0	676.8675358295441
318	59.19807	16.57776	102.39832	16.376486	60.532257	31.5118	17.701622	59.747303	-36.640194	1276000	1.8626451e-09	168.5512	-0.013745496	-114.457596	0.46491408	0.01775862	0.18375	5.0	678.954794883728
319	54.124363	20.590136	96.3083	9.478141	62.06349	27.85886	16.352098	52.566902	-27.566008	1280000	7.450581e-09	95.32215	-0.026268193	-53.36293	0.46494856	0.015219552	0.204	10.0	681.0871682167053
320	47.169132	57.079613	100.72229	-343.46616	69.67273	26.335812	15.690998	50.883675	-26.892862	1284000	1.8626451e-08	1305.3883	-0.009788777	-276.26733	0.46466073	0.017097596	0.28475	5.0	683.2444839477539
321	44.115894	42.56275	101.84283	-241.87218	64.05	24.123558	15.344085	48.90898	-20.572952	1288000	-7.450581e-09	658.0445	-0.039311774	-163.87025	0.46447337	0.012219621	0.33975	79.0	685.7221658229828
322	47.00732	92.869255	103.60177	-633.6227	65.49123	24.034765	14.025957	50.933037	-22.8989	1292000	1.4901161e-08	4030.4126	-0.012230915	-459.9536	0.46309933	0.017066192	0.27375	8.0	687.8584325313568
323	55.164623	17.294542	85.96036	14.291078	61.883335	25.489456	14.413544	55.695217	-15.413324	1296000	3.3527613e-08	154.90019	-0.014147781	-90.75424	0.4633138	0.015100118	0.23875001	5.0	689.9990086555481
324	32.023552	89.905495	87.88711	-493.02405	64.20339	26.885162	13.067449	54.892365	-13.725943	1300000	1.8626451e-08	6474.4795	-0.010855134	-2652.6506	0.46330896	0.015291884	0.25825	6.0	692.1482789516449
325	42.329323	91.48793	99.04192	-650.5814	62.903225	20.160183	18.358017	60.001785	-58.42321	1304000	7.450581e-09	3482.06	-0.011730656	-674.3546	0.46333823	0.01513035	0.26325	5.0	694.2572042942047
326	55.26706	18.820272	88.615906	-1.9114741	61.52381	21.562351	18.907324	58.332157	-39.80991	1308000	-3.1664968e-08	287.24976	-0.029479139	-231.5331	0.46359345	0.017618597	0.21975	12.0	696.4080421924591
327	56.348484	16.812548	86.75414	3.6432624	60.587303	30.108318	13.607802	53.946194	-16.629238	1312000	-1.4901161e-08	105.83063	-0.03656662	-45.234413	0.46351865	0.0165803	0.28025	16.0	698.6418783664703
328	51.45624	22.219212	101.85709	-9.293142	63.45	25.347723	15.862113	55.95509	-40.510075	1316000	2.2351742e-08	126.47644	-0.024207681	-56.062935	0.46188003	0.016735282	0.19375	9.0	700.7249615192413
329	49.142174	72.6337	115.91937	-491.9805	63.245903	27.399145	14.208722	52.509613	-24.297714	1320000	0.0	3051.2463	-0.007091541	-372.50443	0.46049085	0.015648574	0.2025	4.0	702.8059165477753
330	41.872875	87.12649	98.5137	-608.65314	65.333336	27.04859	14.9181185	55.935635	-27.416914	1324000	4.0978193e-08	3382.2495	-0.010326421	-557.38696	0.46002996	0.016073039	0.20425001	5.0	704.9371213912964
331	51.05098	45.236958	88.12445	-277.83093	62.677418	24.643593	15.502193	59.080738	-19.82172	1328000	7.450581e-09	1358.88	-0.0071915314	-499.10474	0.45971972	0.019401321	0.22025001	4.0	707.0799906253815
332	45.24123	96.53096	117.05179	-670.53986	66.55932	26.231945	15.847417	54.10288	-24.938084	1332000	-7.450581e-09	4821.0073	-0.0098109115	-722.7611	0.45955256	0.016278677	0.24475	5.0	709.218165397644
333	62.824024	21.355642	102.91362	4.34358	66.49152	24.942495	16.475952	55.837315	-36.26002	1336000	-1.4901161e-08	196.29822	-0.035161003	-135.84761	0.45935225	0.015037648	0.2945	16.0	711.366240978241
334	59.962067	20.501863	109.41153	6.34543	64.37705	30.277828	15.809508	59.436207	-23.589691	1340000	2.9802322e-08	110.19144	-0.02789015	-55.454674	0.45825404	0.015269985	0.21175	10.0	713.5499544143677
335	46.538483	92.55591	92.78852	-638.10895	65.644066	30.14309	15.342212	54.01969	-22.156786	1344000	-2.9802322e-08	4328.726	-0.010095477	-572.00494	0.45774394	0.016301196	0.237	7.0	715.6707680225372
336	53.378216	20.158346	96.17712	-2.7477252	61.031746	23.085173	15.565917	52.84769	-26.461021	1348000	1.1175871e-08	171.32016	-0.013892924	-97.826965	0.45742783	0.016032396	0.18849999	5.0	717.8158104419708
337	61.974133	19.307236	104.65561	13.792342	66.89474	26.635723	13.977138	55.882935	-21.59243	1352000	-9.313226e-09	156.93341	-0.021304997	-85.18237	0.4568097	0.016038053	0.155	9.0	719.9694907665253
338	55.628757	22.705353	94.643364	-15.392023	64.47458	27.879633	15.535397	56.026207	-30.594116	1356000	-4.8428774e-08	111.08941	-0.010735497	-42.45974	0.45577425	0.015732272	0.1795	4.0	722.0897161960602
339	53.02382	20.32493	90.31014	5.698749	63.85246	24.729116	16.391697	54.0616	-28.747585	1360000	-9.313226e-09	91.544945	-0.014614015	-40.255363	0.45541918	0.015734175	0.18825	5.0	724.1748051643372
340	55.099545	17.076992	84.53138	16.371511	62.580647	26.866882	16.113184	53.338398	-23.118422	1364000	2.6077032e-08	96.050224	-0.020631641	-47.021584	0.45481256	0.015470721	0.21425	8.0	726.3203794956207
341	45.621944	63.91521	90.03154	-408.8137	65.54237	25.289124	15.935639	55.322063	-32.710537	1368000	0.0	2245.959	-0.013136464	-581.7538	0.45375288	0.0150380535	0.25325	10.0	728.4709012508392
342	61.478966	20.300978	117.73513	7.6614428	67.63793	22.531015	16.489117	53.522293	-26.286306	1372000	1.8626451e-08	235.91939	-0.022051705	-168.8409	0.45273608	0.015053719	0.13725	7.0	730.567300081253
343	53.441097	37.32139	119.61976	-196.24405	63.419353	29.477192	14.767061	57.00067	-16.81186	1376000	2.9802322e-08	542.1059	-0.008409972	-201.39603	0.45208398	0.017045707	0.17750001	4.0	732.6920456886292
344	41.299324	63.25012	93.34177	-293.19055	58.68182	26.908718	16.107117	54.2419	-25.345787	1380000	2.6077032e-08	1321.7417	-0.011909269	-322.09308	0.45164105	0.015344781	0.17025	5.0	734.8360397815704
345	51.762775	24.54027	120.58913	-6.1355996	59.73846	26.308609	16.389433	59.77951	-43.738667	1384000	-3.7252903e-09	151.34445	-0.019550491	-75.72128	0.45102924	0.015406753	0.24	7.0	736.9815604686737
346	58.916912	21.437891	90.97625	-14.5953045	60.634922	27.44202	15.992813	58.470177	-25.686108	1388000	-1.4901161e-08	120.94005	-0.013377309	-72.858444	0.45007122	0.017978704	0.222	5.0	739.1144645214081
347	61.11543	18.999376	105.23079	2.5684094	62.435482	30.550863	14.04849	56.54935	-17.457195	1392000	3.1664968e-08	83.83949	-0.021569042	-34.99196	0.44937095	0.016210675	0.2525	7.0	741.2063612937927
348	60.492516	19.466845	106.02759	7.756152	63.81967	29.908716	14.826918	56.08522	-15.598728	1396000	5.5879354e-09	72.717834	-0.022323681	-26.736477	0.44854116	0.01611434	0.16625	6.0	743.3409490585327
349	42.47655	78.957596	92.65019	-435.1755	61.83871	29.519812	15.997843	55.605247	-28.198591	1400000	-1.5832484e-08	2428.5889	-0.011580333	-503.36023	0.447703	0.020500945	0.2945	5.0	745.4273676872253
350	40.919563	101.82477	101.86799	-719.10065	64.85	24.035135	14.998956	57.57224	-20.011522	1404000	0.0	4046.8025	-0.011769237	-498.6019	0.447122	0.01531949	0.2845	6.0	747.5473697185516
351	44.9774	100.54301	97.729256	-698.72	64.44827	24.515923	14.340471	54.902126	-24.768625	1408000	1.4901161e-08	3902.0208	-0.0103313215	-551.47974	0.4466009	0.016284885	0.22975	5.0	749.713621377945
352	56.388428	24.410318	105.82686	-7.2835355	62.35484	28.332848	15.365949	58.450203	-48.14409	1412000	1.5366822e-08	138.65913	-0.029457789	-80.71016	0.44634598	0.015795652	0.25675	11.0	751.8479835987091
353	55.950977	20.292639	86.55906	14.155783	62.396824	27.42767	17.271528	55.905914	-29.599293	1416000	-9.313226e-09	116.88347	-0.015051207	-59.774307	0.44516316	0.015292667	0.16075	5.0	754.005197763443
354	56.01177	24.769201	100.05426	-11.763175	65.94827	26.450098	15.490739	58.59863	-17.611153	1420000	3.5390258e-08	143.5144	-0.03162984	-58.035606	0.44453603	0.015894221	0.27425	15.0	756.1923580169678
355	56.159092	24.676693	85.5237	-86.29124	62.66129	28.271372	15.142723	53.5154	-15.7393055	1424000	3.7252903e-09	248.06735	-0.023599306	-102.80365	0.44346446	0.0151516115	0.27525002	12.0	758.3937966823578
356	48.76539	96.88811	112.21241	-686.6351	63.409836	26.517721	15.205454	53.584175	-23.36756	1428000	0.0	3706.1694	-0.012019873	-489.27438	0.4433911	0.017716948	0.298	7.0	760.5036718845367
357	58.44299	21.739824	107.83985	3.4565465	66.881355	23.866709	16.02071	49.25708	-41.09857	1432000	-1.8626451e-09	170.03629	-0.025742047	-106.98913	0.4433095	0.015368379	0.18200001	9.0	762.5995895862579
358	42.38195	96.010414	93.46645	-520.49194	64.333336	30.09612	15.19971	53.74713	-17.22133	1436000	-1.8626451e-08	6275.501	-0.012744613	-1842.9604	0.4431042	0.016646938	0.247	6.0	764.7247200012207
359	59.544964	23.440598	127.16361	-16.20861	65.01667	21.975727	20.11958	53.92807	-47.345894	1440000	-1.8626451e-08	389.71722	-0.013456789	-303.87738	0.44304264	0.015777737	0.2095	5.0	766.8323757648468
360	62.48507	20.104162	97.048134	-9.849602	63.95	31.120388	14.430474	55.84074	-31.542408	1444000	-5.5879354e-09	160.91063	-0.026828185	-66.16569	0.44307846	0.015083387	0.229	11.0	769.0206234455109
361	59.54859	26.569864	114.65526	-2.0450752	64.4	28.91126	15.302594	53.439102	-19.459473	1448000	-1.1175871e-08	127.65051	-0.032036934	-62.721176	0.4427975	0.015206962	0.25225	12.0	771.1925601959229
362	49.15163	61.028614	96.14133	-392.62344	62.177418	29.774853	17.141838	57.525303	-16.70013	1452000	-1.1175871e-08	1920.4591	-0.010172384	-380.68573	0.4415737	0.016000163	0.18125	6.0	773.3238024711609
363	61.27406	23.638783	112.03994	6.0199547	67.18965	26.621788	16.512533	63.28916	-16.99409	1456000	1.4901161e-08	173.41917	-0.021114958	-102.21983	0.44089195	0.015108788	0.201	7.0	775.4735934734344
364	61.501717	20.644806	111.18303	3.958377	61.032257	31.042543	16.99103	63.95307	-15.346711	1460000	1.6763806e-08	95.318565	-0.020095132	-38.798855	0.44036624	0.015240211	0.24024999	7.0	777.6227512359619
365	52.922836	59.48466	106.90171	-388.40692	62.387096	30.378855	15.815787	55.88861	-28.266102	1464000	2.9802322e-08	1617.1456	-0.009608284	-197.80426	0.43959633	0.015576771	0.2185	3.0	779.7096064090729
366	42.557392	82.41775	121.02418	-463.15683	63.51613	27.519043	15.117428	56.270947	-16.7313	1468000	-3.7252903e-08	2793.2703	-0.00806064	-543.80365	0.43924496	0.020679787	0.31375	4.0	781.818320274353
367	58.9278	21.210835	93.31482	-5.071496	64.57627	24.695524	15.637997	52.77799	-23.334448	1472000	5.5879354e-09	139.3741	-0.018132467	-87.68567	0.43889338	0.016783275	0.3085	7.0	783.9647526741028
368	58.197975	23.555819	113.48325	-73.86441	64.316666	28.68141	14.773934	57.778355	-19.69999	1476000	1.4901161e-08	606.3135	-0.019226316	-404.70825	0.43844074	0.015278837	0.283	13.0	786.1153168678284
369	57.58348	23.525164	98.27262	-6.8303103	64.31148	25.38329	19.919127	57.978615	-39.940964	1480000	1.4901161e-08	188.61333	-0.020339005	-112.0495	0.43799245	0.015062863	0.23124999	6.0	788.2315137386322
370	60.13273	20.887115	94.54287	-7.0669928	63.7	27.865269	14.953783	54.178963	-16.60382	1484000	2.2351742e-08	93.38867	-0.017384697	-42.162086	0.43791205	0.015152134	0.22975	7.0	790.3755509853363
371	42.896606	104.82945	101.14114	-676.9878	62.66129	29.780184	14.666472	51.827858	-19.073826	1488000	0.0	4887.056	-0.009107826	-570.1233	0.43750533	0.017206976	0.297	5.0	792.4643354415894
372	60.358475	19.233196	92.31304	9.429888	62.98361	25.099962	14.231078	52.735252	-22.54197	1492000	0.0	169.32358	-0.046706364	-120.59828	0.43715912	0.015153365	0.32975	26.0	794.6615996360779
373	61.26964	20.259764	112.60372	4.7150283	68.83929	28.778326	14.902147	61.551537	-15.970186	1496000	7.450581e-09	101.25311	-0.03335322	-44.355835	0.43400595	0.015216691	0.26999998	13.0	796.7931153774261
374	51.733147	20.004358	90.246315	5.606249	61.758064	25.666582	16.70893	58.17212	-20.32967	1500000	0.0	83.231476	-0.011012377	-35.896698	0.4325509	0.017312108	0.194	4.0	798.9277532100677
375	60.366882	28.566936	99.13282	-105.77484	62.918034	29.163994	15.170367	56.43171	-12.980833	1504000	-3.7252903e-08	289.31958	-0.007239868	-60.650887	0.43205357	0.017821366	0.17475	4.0	801.0297112464905
376	60.64965	16.848652	88.52972	7.931538	64.14754	29.797167	14.439423	57.13291	-22.214283	1508000	-3.7252903e-09	66.44789	-0.034853257	-29.263712	0.4315544	0.016777147	0.28474998	12.0	803.1791362762451
377	52.730556	97.89541	123.597435	-669.912	65.43104	30.098291	15.465583	61.29342	-13.211533	1512000	-2.6077032e-08	2257.4495	-0.010977992	-302.11203	0.42978424	0.015447477	0.22100002	5.0	805.323320388794
378	45.803276	82.170685	110.945435	-512.1004	63.716667	30.701542	15.686168	55.68325	-17.756544	1516000	-7.450581e-09	3442.3958	-0.01225779	-760.2053	0.42919663	0.016698297	0.2565	6.0	807.4578411579132
379	60.98204	21.529324	98.98568	-28.030823	63.542374	27.415964	16.659958	52.4454	-32.596413	1520000	-7.450581e-09	131.56984	-0.027276523	-79.45776	0.42874396	0.015687022	0.19075	10.0	809.6477587223053
380	56.402214	20.504662	101.8424	-3.559233	62.491802	26.9889	15.750057	54.963676	-24.150898	1524000	-1.0244548e-08	123.409874	-0.013881775	-78.1772	0.4273707	0.017067628	0.2435	5.0	811.7513127326965
381	61.849743	18.163588	100.548615	14.196438	64.16393	30.456575	15.063922	63.997116	-17.500023	1528000	-3.7252903e-09	75.15437	-0.028040282	-31.257608	0.4266528	0.01633995	0.23449999	10.0	813.8944051265717
382	56.074196	36.024326	101.09539	-186.1173	65.1	28.894733	15.694176	54.244644	-20.603567	1532000	7.450581e-09	546.9269	-0.010922816	-124.88874	0.425415	0.017498164	0.26625	5.0	815.9867539405823
383	61.486973	19.001152	94.9941	10.101743	61.825397	27.798176	14.45732	55.087563	-11.6131735	1536000	3.1664968e-08	86.91171	-0.028511653	-50.155277	0.42481276	0.015982367	0.25225002	11.0	818.077433347702
384	62.398125	22.656908	110.45526	-0.46704927	65.63793	29.050032	17.010021	55.70394	-24.651608	1540000	-3.5390258e-08	80.88493	-0.025454061	-34.681343	0.42310008	0.016009344	0.1855	9.0	820.2247025966644
385	64.11862	52.947342	422.76886	2.2957137	64.71667	29.988968	15.902429	58.09748	-17.9695	1544000	-3.7252903e-09	1311.8773	-0.014110221	-301.04184	0.4216659	0.01593528	0.22575	9.0	822.3635909557343
386	51.008823	75.74116	95.84073	-507.444	63.864407	31.597734	18.028984	57.805428	-28.444008	1548000	3.7252903e-09	3669.0051	-0.009279344	-1069.6484	0.42044425	0.016597617	0.29549998	6.0	824.4458041191101
387	55.07652	20.807247	107.044426	10.601181	61.444443	25.61577	15.2772455	55.300392	-23.6487	1552000	-3.7252903e-09	189.6546	-0.022004247	-135.53088	0.41981488	0.015108088	0.22375	7.0	826.5504102706909
388	58.17009	23.453005	104.58528	-32.22558	63.836067	28.719906	15.331797	57.12142	-15.338445	1556000	2.6077032e-08	157.92896	-0.020182448	-72.97293	0.41922784	0.015032554	0.20525001	8.0	828.6158051490784
389	64.5856	19.537863	124.86526	18.595798	64.86441	30.304325	16.063997	59.32014	-19.020386	1560000	0.0	102.74536	-0.029558714	-54.474686	0.41848046	0.016050387	0.25925	13.0	830.7986180782318
390	46.700535	85.73655	114.82397	-457.5132	62.5	30.063015	17.575237	58.15677	-20.08176	1564000	9.313226e-09	2079.0369	-0.011891001	-273.93866	0.41705623	0.017544143	0.20324999	5.0	832.9502456188202
391	58.421787	46.897835	370.8402	-2.3906605	65.71186	24.493797	15.0794735	54.36935	-14.610371	1568000	1.4901161e-08	835.49896	-0.020865548	-333.80084	0.41662416	0.015485359	0.21450001	13.0	835.0885009765625
392	64.64631	20.016037	113.98426	16.731539	65.72881	29.174562	16.843191	66.36651	-18.896296	1572000	1.4901161e-08	99.25954	-0.030632634	-57.362747	0.41636413	0.015492057	0.24024999	13.0	837.2278478145599
393	51.143845	85.877335	131.44633	-588.8481	63.770493	32.180847	17.056755	64.49563	-28.11153	1576000	2.2351742e-08	4427.5537	-0.013445761	-1579.898	0.41523045	0.015367678	0.23625	7.0	839.3659415245056
394	52.75135	40.15701	114.381874	-193.82655	65.644066	25.063742	21.266907	58.903427	-77.65801	1580000	1.3038516e-08	735.72705	-0.012640056	-229.49788	0.41459078	0.015780345	0.26975	6.0	841.4777181148529
395	48.962864	88.661736	123.024055	-619.9487	61.725807	28.142591	16.151922	58.537262	-33.98518	1584000	-2.2351742e-08	2659.797	-0.011193406	-839.66724	0.414415	0.017036673	0.26975	6.0	843.5876126289368
396	55.81891	31.365309	99.162025	-145.38011	60.046154	27.594099	19.718987	58.97396	-49.92502	1588000	0.0	547.4345	-0.02429515	-202.68924	0.41427004	0.015891349	0.29325002	13.0	845.7568900585175
397	48.90126	86.51551	100.18038	-595.20276	64.01667	27.297293	16.276327	60.605606	-31.748623	1592000	-2.2351742e-08	3323.316	-0.012972789	-310.66373	0.4131967	0.015642375	0.27075	7.0	847.8610036373138
398	63.621162	19.057745	103.81492	17.796593	64.31148	25.550556	15.013361	59.39364	-25.259722	1596000	-2.4214387e-08	155.55362	-0.031771887	-107.059814	0.41277912	0.016131634	0.20825	12.0	850.0448324680328
399	62.018818	24.746193	135.56282	-2.8039248	64.4	30.76151	15.199827	57.874638	-14.349425	1600000	9.313226e-09	113.002655	-0.024081988	-48.19877	0.41145888	0.016038176	0.1985	9.0	852.2088878154755
400	58.066177	52.09427	106.271965	-317.49258	65.71667	31.439157	14.903486	58.502068	-20.718815	1604000	-1.1175871e-08	876.17676	-0.0138292005	-156.23335	0.4104045	0.01657363	0.30699998	10.0	854.3511545658112
401	62.00219	20.048725	113.46967	3.22437	63.064518	27.900385	16.159824	58.38804	-39.360016	1608000	5.122274e-08	97.28038	-0.035025757	-54.496708	0.40970597	0.015073031	0.2725	17.0	856.5120885372162
402	63.590664	22.209236	127.31455	0.79841363	63.716667	31.470146	14.880335	58.447407	-16.01873	1612000	5.5879354e-09	84.11316	-0.030466756	-33.950493	0.40866277	0.015182502	0.24425	13.0	858.6524353027344
403	56.7732	22.994822	110.82369	8.108986	63.274193	28.383032	17.077856	58.899723	-23.684872	1616000	1.4901161e-08	121.85609	-0.030527271	-69.44206	0.40751687	0.015129683	0.2285	10.0	860.8214497566223
404	61.25464	19.941095	97.57059	9.87761	63.04918	28.56059	15.627007	58.822853	-20.270214	1620000	0.0	82.34549	-0.025140982	-35.078728	0.40610677	0.015907574	0.2355	10.0	862.9558143615723
405	53.821846	36.29824	115.02363	-147.26474	67.22807	25.963102	17.34431	54.340633	-22.344774	1624000	-7.450581e-09	462.51422	-0.0090272045	-136.00526	0.40455276	0.015563929	0.23325	4.0	865.089987039566
406	67.4173	23.066517	124.390976	6.8130155	68.47369	27.403406	15.4287405	58.989635	-14.558482	1628000	3.7252903e-09	168.21074	-0.029795336	-119.27423	0.40407932	0.015804708	0.25349998	13.0	867.2247033119202
407	64.25232	19.107769	112.65359	22.306555	64.85	31.258808	16.057354	59.504646	-13.471225	1632000	2.2351742e-08	82.48983	-0.019296538	-35.885124	0.40279445	0.015438676	0.20199999	7.0	869.3474078178406
408	55.477882	60.743626	120.85759	-364.89288	64.66102	31.694931	15.703098	59.660908	-19.137812	1636000	1.4901161e-08	1468.1508	-0.011280056	-272.94028	0.4019757	0.01596756	0.33125	6.0	871.4918041229248
409	59.462418	21.201742	97.50774	2.1270392	63.770493	28.797852	17.74535	59.369556	-23.597574	1640000	1.8626451e-08	108.02823	-0.027634181	-57.346252	0.40160686	0.015576751	0.229	11.0	873.6252107620239
410	67.8156	31.548216	125.554794	-127.57561	63.704918	31.327856	15.760291	58.828392	-14.3843355	1644000	3.7252903e-09	418.9613	-0.027808579	-121.17028	0.4009742	0.015180454	0.284	21.0	875.8258707523346
411	62.382183	18.888458	93.92888	1.1424338	64.42373	28.461979	17.098038	60.49118	-26.217318	1648000	7.450581e-09	98.339386	-0.028283132	-60.852455	0.40026984	0.015806768	0.2185	11.0	877.9468061923981
412	65.36547	18.12217	118.059006	15.8740225	66.13793	31.472807	16.140713	61.01201	-23.265633	1652000	2.0489097e-08	68.393036	-0.02849712	-30.345072	0.40042362	0.018708788	0.23750001	11.0	880.0580718517303
413	61.742504	44.945045	126.65682	-209.63133	68.91071	30.128788	16.449543	59.001823	-14.754067	1656000	-2.6077032e-08	665.9705	-0.00978308	-100.4517	0.4004396	0.020350454	0.19475	4.0	882.1670229434967
414	61.489517	21.629686	99.54223	2.1536186	61.737705	32.648155	15.88084	59.8111	-26.05944	1660000	-6.519258e-09	93.31511	-0.025062516	-48.40846	0.40033004	0.015019927	0.232	11.0	884.3287255764008
415	55.143547	68.71373	121.577415	-416.20352	69.76363	30.655024	17.236374	60.794777	-19.801342	1664000	-9.313226e-09	161.54367	-0.008202008	-53.244915	0.39931017	0.018171858	0.23475	5.0	886.4047861099243
416	59.649853	21.922462	109.82097	-2.1847556	64.51667	29.588911	16.83493	56.847427	-16.836828	1668000	-1.1175871e-08	137.82909	-0.022652246	-63.37825	0.39867932	0.016366996	0.215	10.0	888.5317215919495
417	50.068153	80.12298	100.11783	-517.6808	69.58182	26.712057	16.78455	60.640366	-23.867994	1672000	3.7252903e-09	2724.1511	-0.00977916	-454.09665	0.39776364	0.01697479	0.25425	6.0	890.6777427196503
418	62.73367	21.703823	129.56682	-0.92208254	65.965515	26.820524	15.970264	54.294838	-16.418991	1676000	-5.5879354e-09	98.17485	-0.030138563	-58.78794	0.39746532	0.016076967	0.22125	12.0	892.7751750946045
419	58.853085	23.198713	95.98258	3.3965087	63.163933	29.479977	17.01383	57.092663	-16.875229	1680000	0.0	80.17264	-0.02777725	-34.236725	0.39690545	0.0151866665	0.19625	10.0	894.8762767314911
420	47.218155	118.34619	129.79402	-661.31195	66.47458	31.86013	16.62216	63.56254	-23.699608	1684000	-1.8626451e-09	6068.4175	-0.011857452	-763.7319	0.39613345	0.015093727	0.273	5.0	896.9977009296417
421	65.39178	21.216024	108.43515	5.7815313	71.27273	26.976686	15.715539	56.90561	-29.200436	1688000	1.8626451e-08	159.43237	-0.013228275	-111.93332	0.3957359	0.016072905	0.21375	5.0	899.0922710895538
422	66.314384	23.569555	128.04814	6.3026066	68.71429	31.195637	16.316362	61.059834	-12.056715	1692000	1.1175871e-08	104.12063	-0.017327499	-48.84154	0.39521122	0.016055046	0.204	6.0	901.2331166267395
423	43.95564	113.30743	107.10531	-521.24023	72.37736	30.694305	17.140337	61.91165	-16.811253	1696000	7.450581e-09	6098.1064	-0.015399963	-1046.8871	0.39450756	0.0177937	0.34724998	8.0	903.4048147201538
424	47.95378	106.548965	127.50374	-554.46735	68.69091	24.078444	17.212015	61.637215	-31.636028	1700000	-9.313226e-09	4773.867	-0.009272816	-854.77496	0.3936629	0.017862875	0.3045	5.0	905.5119297504425
425	55.630787	30.114708	115.91189	-95.16574	61.20968	25.760239	16.702496	52.151035	-28.305325	1704000	1.3038516e-08	274.43	-0.026407281	-108.12526	0.39340436	0.016440194	0.23225	12.0	907.605007648468
426	42.34622	114.9198	117.50375	-539.20575	65.54237	29.905352	15.808673	58.611736	-19.632633	1708000	2.514571e-08	6405.448	-0.008427696	-1043.9525	0.3931085	0.01903167	0.25950003	4.0	909.6667828559875
427	61.719624	23.59025	115.77192	6.534801	67.375	20.009935	19.500448	59.107353	-36.842953	1712000	1.4901161e-08	265.69888	-0.028385732	-188.56375	0.39297816	0.01575552	0.2175	11.0	911.8392150402069
428	51.23564	81.58643	121.6714	-548.3863	65.3	27.962332	19.364162	54.961716	-34.39352	1716000	2.6077032e-08	3007.903	-0.012580907	-497.01755	0.39220777	0.015067799	0.29675	8.0	913.9888291358948
429	62.596966	22.510597	113.60939	9.446872	65.10169	26.668217	17.743307	61.425793	-25.198181	1720000	2.6077032e-08	192.43489	-0.027673138	-112.35654	0.39214072	0.015239366	0.253	11.0	916.1334838867188
430	62.550938	23.826468	113.120026	9.496258	65.32204	29.221312	16.688915	58.400475	-40.164455	1724000	3.7252903e-09	110.96991	-0.031583793	-46.633736	0.39213014	0.015701652	0.27424997	13.0	918.2919433116913
431	54.510525	49.699196	120.26703	-281.24988	62.031746	29.781288	17.334972	54.390537	-23.459349	1728000	3.7252903e-09	1437.3727	-0.033001017	-339.93533	0.39170787	0.008505005	0.31974998	79.0	920.7391192913055
432	60.09122	26.36882	107.85972	0.50250614	63.666668	24.631617	18.385424	53.290215	-27.256208	1732000	-5.5879354e-09	151.24435	-0.032843336	-76.34224	0.3898728	0.016217455	0.20875001	10.0	922.8400659561157
433	65.10853	22.634268	105.25979	1.4953456	62.98361	30.574837	16.31397	55.62825	-17.32697	1736000	-3.7252903e-09	85.46608	-0.012418222	-31.507631	0.3895227	0.016576089	0.1965	4.0	924.962525844574
434	64.25898	94.936195	439.71048	-522.48236	67.52631	32.90601	16.577116	54.560287	-21.234344	1740000	-1.4901161e-08	4127.8926	-0.0083636865	-549.948	0.3892637	0.016914252	0.27824998	5.0	927.1076807975769
435	55.95328	62.168106	106.595985	-398.70764	63.032257	32.2164	18.3225	56.010006	-25.71827	1744000	1.8626451e-09	1297.6685	-0.012942037	-296.45947	0.38887718	0.01510476	0.29250002	7.0	929.1926810741425
436	57.716602	23.743374	103.56634	-0.8315966	65.73333	26.29484	17.866306	54.459843	-22.882528	1748000	-4.0978193e-08	119.53885	-0.037453264	-58.721027	0.38855824	0.015295577	0.30650002	18.0	931.3845298290253
437	62.16393	25.192823	138.79198	0.8321325	67.5	27.567774	17.88495	54.342575	-41.652565	1752000	-5.5879354e-09	110.410065	-0.03163904	-49.935986	0.38733372	0.015105864	0.2615	13.0	933.5553483963013
438	58.078636	21.50827	106.866234	-0.5735268	62.015873	28.347397	16.748528	55.097187	-24.106369	1756000	-2.2351742e-08	1905.9681	-0.012893928	-368.40387	0.38575223	0.016458195	0.23925	7.0	935.6698579788208
439	63.21932	25.069458	136.66862	8.336308	67.06896	26.313719	17.8297	57.69884	-33.309723	1760000	-2.188608e-08	165.27676	-0.034071974	-95.381165	0.3850765	0.01507627	0.28350002	14.0	937.8301475048065
440	52.24269	71.47974	120.43663	-468.22717	64.11475	28.86979	17.333803	55.36651	-20.988636	1764000	-1.8626451e-08	2490.7185	-0.029545642	-468.1289	0.38343945	9.1737136e-05	0.31124997	79.0	940.2332675457001
441	51.028145	84.42262	126.13787	-563.46454	65.86441	26.956573	17.314562	56.099396	-21.58117	1768000	1.4901161e-08	2797.9438	-0.014090734	-541.8456	0.37886193	0.017851682	0.24475001	6.0	942.3826580047607
442	56.548347	63.97603	119.31405	-414.35785	64.95	30.43715	17.390831	53.771984	-34.343964	1772000	3.7252903e-09	3489.399	-0.010956665	-1184.8196	0.37863714	0.015131093	0.28925002	6.0	944.4660565853119
443	61.54924	21.426407	107.91566	0.9812581	65.35	26.415169	19.583382	53.86354	-52.86235	1776000	0.0	181.0721	-0.0132578015	-120.907104	0.37834722	0.01666208	0.20525001	5.0	946.5489954948425
444	59.840378	22.229324	117.42676	4.222769	62.774193	28.831741	17.224777	56.55417	-21.573368	1780000	4.8428774e-08	102.52615	-0.035810597	-39.221878	0.3780283	0.0159139	0.30325	15.0	948.6985359191895
445	52.154694	69.45694	112.24783	-328.09998	64.79661	31.702875	15.874265	56.138496	-35.012177	1784000	-3.3527613e-08	2609.2349	-0.010131898	-735.6961	0.37704942	0.016119028	0.22925	5.0	950.7796607017517
446	55.20035	91.44068	113.88626	-622.875	66.305084	24.80565	18.773598	53.33876	-33.584404	1788000	-7.450581e-09	3583.3647	-0.01152797	-712.58167	0.3768026	0.018127203	0.305	6.0	952.8847193717957
447	62.55599	20.570993	98.882515	8.771918	59.378788	30.876352	16.43349	54.74613	-24.483109	1792000	3.7252903e-09	119.80787	-0.02496063	-57.3764	0.37668818	0.015464896	0.23975	9.0	954.981287240982
448	41.742615	94.74333	115.219215	-642.4522	61.587303	28.225777	17.519556	54.74774	-24.727081	1796000	0.0	5497.0195	-0.008566079	-1194.123	0.37602004	0.015421742	0.28550002	6.0	957.1315712928772
449	60.91268	45.168262	108.03168	-242.62993	66.44827	27.052977	16.73829	56.234703	-39.098526	1800000	0.0	1028.2517	-0.011242552	-316.05527	0.37585437	0.018662764	0.22025	5.0	959.2576839923859
450	65.25611	19.166325	109.2228	9.560052	65.52542	29.530113	18.320574	58.338818	-35.419334	1804000	-1.8626451e-08	161.77774	-0.026222154	-95.926796	0.3756861	0.015054086	0.2525	9.0	961.3496599197388
451	61.629734	21.529947	104.176285	12.063819	63.903225	29.616266	16.674875	57.804447	-26.934116	1808000	1.8626451e-09	100.00836	-0.022341505	-41.801273	0.37545896	0.015846103	0.2115	8.0	963.5009136199951
452	62.327866	29.53849	224.043	3.7950115	64.75	27.855381	17.27564	57.955368	-22.77039	1812000	0.0	281.2094	-0.020447895	-140.22896	0.37503132	0.016093938	0.21825	8.0	965.5630209445953
453	61.035633	35.92994	137.71176	-130.36519	67.625	33.761513	15.88214	67.76306	-27.435005	1816000	-3.7252903e-09	520.54114	-0.02032698	-190.85266	0.3742704	0.01576063	0.20175	9.0	967.7056157588959
454	63.00898	27.695654	213.17169	6.23818	62.919353	31.143137	17.958302	62.874718	-16.568523	1820000	-3.7252903e-09	262.05557	-0.021715544	-131.75812	0.37293226	0.015984308	0.23725	8.0	969.8155958652496
455	54.3689	101.049194	271.91043	-673.11945	64.3	32.046726	16.84509	60.293793	-15.231523	1824000	7.450581e-09	3622.783	-0.010995692	-378.32	0.37192953	0.01589214	0.28575	4.0	971.9311950206757
456	52.72186	63.61908	109.55501	-399.80215	62.870968	31.002703	17.458036	60.961727	-34.362926	1828000	1.4901161e-08	2125.2542	-0.03497661	-497.5419	0.37147272	0.002082948	0.33875	79.0	974.4609923362732
457	64.30783	20.578215	111.61696	13.435637	65.55173	27.357922	18.059183	60.12799	-20.399052	1832000	-6.9849193e-09	143.91469	-0.02912425	-86.930115	0.36813402	0.016457934	0.2605	12.0	976.617014169693
458	55.597458	55.770992	99.590645	-352.7783	62.30645	29.88531	17.099516	58.865738	-20.680338	1836000	0.0	2059.4019	-0.010393532	-498.8508	0.36782417	0.016129494	0.255	5.0	978.7436594963074
459	63.393425	20.482725	120.28763	21.361044	63.933334	24.68032	19.853329	55.84163	-36.535667	1840000	2.6077032e-08	215.05391	-0.014375227	-158.86543	0.36771736	0.017395508	0.2225	5.0	980.8094441890717
460	62.014015	20.691288	124.38379	15.239147	63.716667	30.755638	16.659775	63.67175	-11.47777	1844000	3.5390258e-08	113.6657	-0.027713932	-49.602005	0.36739963	0.015711311	0.26375	12.0	983.0210633277893
461	63.943993	35.189083	267.03574	13.036049	67.1579	29.9405	16.918533	61.775726	-20.156055	1848000	-7.450581e-09	310.44516	-0.016009519	-92.03644	0.3657209	0.018119756	0.2235	6.0	985.1236743927002
462	64.7089	23.12806	114.440544	14.2976675	67.293106	30.124754	18.680681	59.689774	-17.894245	1852000	-1.8626451e-08	89.401764	-0.028819874	-34.81276	0.3646699	0.015051538	0.28225	12.0	987.2733883857727
463	65.22135	20.79867	122.56683	12.27924	65.81356	30.882206	17.031555	62.181305	-26.096268	1856000	-1.9557774e-08	114.36336	-0.030992229	-58.093437	0.36264566	0.015404696	0.26775002	12.0	989.4242191314697
464	62.100163	33.694923	133.40416	-122.16385	65.85965	30.047628	16.699425	64.475494	-34.93722	1860000	3.7252903e-08	382.0086	-0.027129684	-78.71026	0.36102736	0.015952863	0.284	17.0	991.5525953769684
465	75.03666	55.8773	447.8395	3.4689152	69.0	30.002089	17.15267	59.136673	-21.578114	1864000	-7.450581e-09	1518.7988	-0.021754362	-526.5678	0.36022514	0.01572332	0.21925	13.0	993.7244253158569
466	37.994495	133.24913	110.08663	-739.2665	62.966667	32.73452	18.84336	71.68884	-23.478846	1868000	0.0	7465.9795	-0.021044225	-796.1559	0.36015657	0.015496215	0.33375	15.0	995.8282523155212
467	61.739613	23.739687	118.25518	-17.575903	62.032257	24.848413	18.2589	65.8017	-23.119709	1872000	1.1175871e-08	529.13135	-0.027291503	-362.319	0.3604467	0.01538124	0.2395	12.0	998.0153543949127
468	49.454224	63.433292	96.23455	-299.86423	60.4375	27.941565	18.12663	61.39447	-21.500023	1876000	2.2351742e-08	2252.1995	-0.020772122	-934.1983	0.3599608	0.01514692	0.25625	10.0	1000.1702761650085
469	65.268036	19.857151	95.632324	-1.0889437	62.031746	25.661625	18.187243	59.970444	-55.833725	1880000	1.8626451e-09	199.00345	-0.023276372	-149.24622	0.35908177	0.015672734	0.2735	7.0	1002.2736082077026
470	62.223896	26.417889	136.5018	-3.2658994	64.46667	29.970121	17.330032	56.93357	-29.283573	1884000	5.029142e-08	107.64967	-0.027161924	-40.815273	0.3586998	0.015588778	0.273	10.0	1004.4513154029846
471	43.454807	118.942055	96.79925	-766.4746	62.65574	30.650036	18.138153	61.02675	-40.54309	1888000	0.0	3913.6804	-0.011233228	-285.83508	0.35779014	0.015433834	0.22275001	7.0	1006.5912873744965
472	63.72223	22.978512	123.154884	4.819066	62.698414	27.102419	16.480997	59.306572	-27.215559	1892000	-1.1175871e-08	120.04419	-0.023142226	-61.49288	0.35754952	0.01621165	0.20050001	7.0	1008.7613432407379
473	59.58476	41.829144	110.23815	-212.01768	65.333336	31.135448	16.955446	56.008324	-29.615313	1896000	3.7252903e-09	1547.1265	-0.033237852	-443.188	0.357664	0.012188121	0.349	79.0	1011.1850001811981
474	66.1824	21.940327	111.15511	3.9679372	66.33929	29.244099	17.371164	59.09587	-22.427158	1900000	3.9115548e-08	101.729515	-0.021947114	-52.451023	0.35665405	0.0155002475	0.23699999	6.0	1013.328254699707
475	69.23867	18.838379	110.88417	14.00935	64.13333	33.31136	17.471132	58.237946	-19.65989	1904000	-2.9802322e-08	75.366714	-0.020325996	-29.521557	0.35645205	0.016384766	0.242	6.0	1015.430615901947
476	67.33097	19.399927	96.637566	1.2766439	60.953125	33.140556	17.617516	55.007816	-19.76979	1908000	1.8626451e-09	87.93481	-0.014862176	-35.56086	0.35596222	0.01645419	0.2315	5.0	1017.5020701885223
477	67.524185	26.7934	129.09839	15.5258045	66.89474	31.965366	17.237732	56.424477	-19.501848	1912000	8.381903e-09	122.25938	-0.027545132	-52.106365	0.35539332	0.015247205	0.23925	10.0	1019.7165021896362
478	64.47737	21.320448	105.06079	12.732877	64.71667	31.187204	17.491568	55.394886	-18.54811	1916000	3.7252903e-09	88.68536	-0.02277125	-34.936733	0.35384735	0.01576058	0.18525	7.0	1021.7734246253967
479	65.5185	17.336823	112.653336	30.946663	64.15	30.468	17.288082	55.55104	-21.910355	1920000	7.450581e-09	70.35443	-0.014712045	-26.229551	0.35225976	0.016234716	0.20875001	5.0	1023.9003329277039
480	61.71696	30.758104	118.20561	-91.29647	65.49123	31.152601	16.39611	56.812634	-17.641748	1924000	2.2351742e-08	292.46704	-0.026345063	-97.633316	0.35101166	0.015816405	0.31825	14.0	1026.0492305755615
481	65.768135	22.583784	104.67184	-3.4975457	65.18644	30.23657	17.626007	53.97567	-33.17678	1928000	-4.4703484e-08	85.510956	-0.024018858	-40.089886	0.34913686	0.018186148	0.19749999	8.0	1028.2802815437317
482	67.58011	23.917212	123.25108	10.927551	64.9661	32.71963	16.2481	60.753826	-11.384199	1932000	-2.9802322e-08	99.81404	-0.024773603	-50.17148	0.34828463	0.016272996	0.272	8.0	1030.3882648944855
483	66.623215	28.202347	113.318565	-71.85765	63.266666	33.631664	17.148947	59.791676	-15.4990635	1936000	3.7252903e-09	517.78296	-0.008664156	-293.83014	0.34743923	0.016766686	0.18325	4.0	1032.5028944015503
484	68.58647	45.649727	362.8917	-12.918654	64.38983	28.94826	19.050575	59.07493	-25.87368	1940000	-1.1175871e-08	974.97107	-0.01607286	-404.6908	0.34712246	0.0155152995	0.1885	8.0	1034.608919620514
485	57.345055	87.29359	116.87926	-598.55896	62.967213	35.450577	16.944042	61.23309	-12.389589	1944000	-3.3527613e-08	2634.314	-0.012504925	-403.72574	0.34642532	0.016390674	0.29375	8.0	1036.6902585029602
486	68.17861	23.49299	148.2264	-5.2240896	68.333336	31.556213	17.672596	60.814587	-20.427948	1948000	-7.450581e-09	138.54474	-0.02710668	-80.36496	0.34592	0.015435139	0.24450001	10.0	1038.8354840278625
487	57.180595	66.06955	120.29518	-411.26465	66.32204	29.390268	17.942797	61.732098	-19.41449	1952000	-1.4901161e-08	2439.4072	-0.013952122	-589.75134	0.3456156	0.016169116	0.17725	5.0	1040.9708979129791
488	60.08914	54.182934	121.042046	-311.3971	67.01755	27.849562	18.432426	62.00934	-25.162079	1956000	-3.7252903e-09	1117.3083	-0.011881805	-252.70737	0.34550914	0.017767064	0.25800002	5.0	1043.1096994876862
489	71.05045	22.845757	116.05899	-1.8072784	64.694916	31.426481	18.043268	60.153427	-34.428288	1960000	-4.4703484e-08	120.182755	-0.025768386	-60.802498	0.3453682	0.015209669	0.20824999	9.0	1045.2772104740143
490	69.4935	22.47462	135.97824	-1.3412967	64.694916	34.29681	16.94193	60.64131	-15.868613	1964000	-7.450581e-09	118.421585	-0.015050782	-58.348568	0.344659	0.016081292	0.2095	5.0	1047.3492171764374
491	63.42362	77.99008	471.1323	-322.37955	65.75862	32.177097	16.626633	59.24082	-19.325241	1968000	1.4901161e-08	2734.5205	-0.010707893	-506.5605	0.34399834	0.015136167	0.19375	3.0	1049.4258484840393
492	67.6456	23.9548	127.28445	1.8564311	62.126984	29.573717	17.619234	60.743965	-23.718708	1972000	-3.7252903e-09	142.47107	-0.025236646	-87.5104	0.34360433	0.01634222	0.21875	9.0	1051.4989635944366
493	67.6611	21.043575	106.61897	5.045068	63.01639	33.452595	16.984081	60.714607	-30.7622	1976000	-2.2351742e-08	86.713	-0.02643332	-33.61698	0.34273118	0.015805252	0.214	10.0	1053.6263587474823
494	68.948746	22.456844	133.32018	2.2614954	65.166664	33.677967	17.502897	57.899944	-20.851456	1980000	-7.450581e-09	104.235794	-0.025250025	-48.05356	0.34145886	0.0152636655	0.24675	8.0	1055.7900114059448
495	69.17135	23.983398	145.20604	4.953563	64.9661	32.424526	16.242466	58.917023	-16.651634	1984000	5.2154064e-08	96.248314	-0.0269157	-46.27421	0.34074536	0.017086536	0.2175	10.0	1057.9053976535797
496	55.696426	80.6908	102.52581	-554.0048	61.746033	33.90336	17.55955	61.584618	-19.113274	1988000	-7.450581e-09	5385.949	-0.009418692	-806.7736	0.3397937	0.022637855	0.187	4.0	1060.0151331424713
497	66.09045	30.57417	142.12502	-0.9187553	65.25862	29.017063	16.97823	55.290077	-23.557955	1992000	7.450581e-09	216.49213	-0.025824502	-125.115395	0.33950004	0.015511565	0.21875	9.0	1062.1070923805237
498	63.883835	24.976152	103.49941	1.3255426	63.0	29.67763	18.76306	61.26022	-36.70786	1996000	-9.313226e-09	135.42163	-0.0109138945	-56.642647	0.33841214	0.017321799	0.16849999	4.0	1064.240386247635
499	70.46389	26.932714	147.7932	-0.52471185	65.82758	30.589937	17.054136	61.313713	-24.609562	2000000	0.0	106.408966	-0.027502995	-50.641678	0.33788186	0.016646959	0.25875002	12.0	1066.394532442093
