Epoch	AverageEpRet	StdEpRet	MaxEpRet	MinEpRet	EpLen	AverageVVals	StdVVals	MaxVVals	MinVVals	TotalEnvInteracts	LossPi	LossV	DeltaLossPi	DeltaLossV	Entropy	KL	ClipFrac	StopIter	Time
0	-69.37841	13.384677	-41.8551	-115.93837	17.034187	-0.054044776	0.102391206	0.25972146	-0.38167393	4000	1.0244548e-08	1676.1664	-0.036106613	-183.68985	0.9189422	0.0067700436	0.21525	79.0	2.4219143390655518
1	-66.956665	13.857646	-12.248245	-116.696655	17.34649	-2.6038754	0.8425209	2.6807754	-3.0968268	8000	-3.678724e-08	1411.446	-0.037787437	-118.10919	0.9034469	0.0088225305	0.21875	79.0	4.654263496398926
2	-64.558914	12.311106	-37.701584	-115.7613	16.821276	-4.652213	0.55920166	3.8026884	-4.824238	12000	-4.5634806e-08	1164.4915	-0.03988487	-81.59578	0.8879969	0.009757883	0.24374999	79.0	6.86574649810791
3	-60.663887	11.923457	-36.495224	-102.60619	17.26087	-6.186585	0.38165256	3.7415226	-6.269401	16000	4.656613e-10	933.2552	-0.037013218	-62.95926	0.8686462	0.0033183855	0.213	79.0	9.20824146270752
4	-58.315525	11.002301	-28.455496	-91.67792	17.323145	-7.5036826	0.32382703	3.7736473	-7.556081	20000	-3.4458935e-08	800.29724	-0.03771058	-52.458435	0.8556597	0.0076641245	0.243	79.0	11.540932655334473
5	-55.705715	12.309281	-31.36918	-116.01621	17.665178	-8.716404	0.19761378	-3.2283216	-8.751767	24000	-3.585592e-08	669.83606	-0.04056234	-42.671066	0.8400132	0.013167829	0.254	79.0	13.899297952651978
6	-52.939713	10.804077	-21.810175	-95.45605	17.504425	-9.823002	0.20913179	-2.662521	-9.852947	28000	-7.310882e-08	546.5342	-0.038613446	-33.825912	0.8209628	0.010766247	0.2375	79.0	16.118388175964355
7	-50.40021	10.29722	-27.655724	-94.914116	17.633928	-10.811721	0.38342094	0.12824523	-10.85663	32000	-1.4901161e-08	453.24008	-0.04036844	-27.74945	0.8055139	0.011737766	0.24024999	79.0	18.391815423965454
8	-48.188293	10.658831	-27.260221	-90.85879	17.748878	-11.713367	0.6605227	6.127008	-11.78515	36000	-1.0430813e-07	376.63373	-0.0397387	-21.527275	0.78844947	0.007087126	0.2405	79.0	20.673593997955322
9	-44.324524	9.509332	-23.318762	-86.16036	17.696428	-12.605819	0.08341731	-10.594002	-12.623093	40000	1.9557774e-08	271.79297	-0.03963861	-13.324219	0.7716014	0.0075112786	0.25075	79.0	22.93341612815857
10	-42.82207	8.534759	-22.038984	-65.404945	17.482302	-13.255502	0.5622881	5.834534	-13.307529	44000	9.778887e-09	225.77304	-0.014325579	-10.614777	0.752264	0.015573875	0.17525	9.0	24.950061559677124
11	-42.124023	9.091818	-21.03401	-78.145744	18.123854	-13.897696	0.11908231	-11.209509	-13.924505	48000	-1.5366822e-08	209.38226	-0.039523367	-9.576576	0.75021404	0.009725027	0.2505	79.0	27.23769211769104
12	-38.902664	9.450153	-14.081288	-72.971344	17.918919	-14.387094	0.8018314	9.656403	-14.505616	52000	-2.0489097e-08	160.49716	-0.04370059	-9.040558	0.73359346	0.0070123607	0.251	79.0	29.50502347946167
13	-36.551456	8.646621	-17.556751	-70.447044	17.684444	-14.124217	2.603579	10.245642	-14.98163	56000	-2.2351742e-08	125.00137	-0.040854346	-12.319435	0.71921456	0.007996723	0.25975	79.0	31.78653120994568
14	-35.07761	8.825661	-17.496456	-63.444256	17.855856	-13.283438	3.561561	4.7785835	-15.408479	60000	-3.632158e-08	105.75354	-0.04563036	-7.790125	0.70039815	0.008037219	0.27749997	79.0	34.030126333236694
15	-31.75933	7.681797	-11.28962	-58.247086	17.981901	-13.54187	3.3748388	0.6018601	-15.836094	64000	-4.656613e-09	67.16618	-0.04524155	-6.199855	0.675305	0.0089679025	0.27425	79.0	36.271403074264526
16	-28.559923	7.0310454	-11.849267	-56.510963	17.9638	-12.809277	4.142682	0.3201089	-16.163656	68000	-9.313226e-09	42.057556	-0.04606443	-2.61279	0.65298325	0.011619492	0.28750002	79.0	38.53715205192566
17	-25.444016	6.9265103	-7.9091763	-44.736538	18.188074	-12.650521	4.273669	0.7892713	-16.383911	72000	-2.7939677e-09	29.951916	-0.04580231	-2.0413094	0.6280302	0.011112853	0.29325002	79.0	40.77742886543274
18	-23.716022	7.2573724	-4.1814713	-65.5108	18.683962	-12.043017	4.43437	-0.043021202	-16.502266	76000	-1.3271347e-08	32.26566	-0.014746822	-1.7677779	0.603269	0.015195298	0.14124998	6.0	42.72727417945862
19	-21.71185	6.414738	-6.183836	-43.5754	18.748816	-11.933726	4.3477244	0.24311209	-16.59355	80000	1.4901161e-08	22.310608	-0.011661589	-2.7271512	0.6014064	0.015990024	0.242	6.0	44.70997858047485
20	-20.610958	6.9662485	-4.019759	-41.80056	19.043478	-10.727226	4.534207	-1.3264185	-16.624243	84000	1.1175871e-08	21.319077	-0.039576158	-1.6621776	0.5983923	0.015282322	0.24000001	21.0	46.68478274345398
21	-19.537603	6.350928	-3.8741126	-40.251778	19.791044	-10.35568	4.502915	-0.1409263	-16.629482	88000	1.1175871e-08	20.988676	-0.015027327	-2.6180077	0.5842192	0.015365369	0.19250001	7.0	48.65904355049133
22	-18.068163	6.475833	-1.9593809	-42.174034	19.721394	-9.566635	4.5145955	-0.24716747	-16.580956	92000	1.3038516e-08	18.89008	-0.017359158	-1.6957242	0.5796405	0.015097672	0.2015	8.0	50.682650566101074
23	-17.102444	6.150329	-2.2235966	-39.609547	21.053192	-9.057392	4.0960174	-1.9890418	-16.257013	96000	-4.656613e-10	16.75883	-0.015081214	-1.2851598	0.5742963	0.015287945	0.19725	7.0	52.66625761985779
24	-16.115568	7.090164	0.35422114	-40.243847	21.601093	-8.2732315	4.1121626	-1.0458156	-16.430182	100000	7.450581e-09	20.070984	-0.021257613	-1.606637	0.5696671	0.015420342	0.17774999	9.0	54.67369031906128
25	-13.901495	5.5787725	1.2762567	-31.38438	21.872929	-7.641702	3.8252203	-0.97551286	-16.113888	104000	-1.6763806e-08	17.22227	-0.04081486	-2.800617	0.5635556	0.015004873	0.214	33.0	56.74290943145752
26	-13.930243	6.293947	0.31326118	-35.696026	21.586956	-6.659306	3.1323302	-0.24798971	-15.7910595	108000	-7.450581e-09	16.977612	-0.030929659	-1.321722	0.5449282	0.015225463	0.18825	17.0	58.73938179016113
27	-11.678902	5.5884185	2.7612844	-32.670254	22.293785	-6.3949556	3.4822698	-0.8559795	-16.124224	112000	-1.4901161e-08	16.708067	-0.03323604	-2.2294064	0.5357433	0.01512592	0.21325001	23.0	60.80622458457947
28	-10.649382	5.972843	1.6212844	-30.944897	23.571428	-5.4470654	2.8236618	2.0433586	-14.796079	116000	1.3271347e-08	16.185081	-0.020129438	-2.3685582	0.5234164	0.015479032	0.20275	9.0	62.8110408782959
29	-9.184583	6.47909	5.877757	-22.740278	23.16959	-4.580514	2.789092	0.50469637	-14.787977	120000	-7.450581e-09	17.495947	-0.01990801	-3.4344208	0.51874864	0.016149046	0.24575	8.0	64.78942012786865
30	-8.011195	6.452076	13.714133	-22.919958	26.761906	-3.092336	3.0240405	6.7527657	-14.548139	124000	1.0244548e-08	17.276367	-0.036902588	-2.5368505	0.51428425	0.015222319	0.20475	27.0	66.82541131973267
31	-7.0311155	7.6054664	10.638035	-31.034897	28.69343	-2.638028	2.7007053	5.1428647	-15.173593	128000	1.4901161e-08	20.714539	-0.03636063	-2.004722	0.50188226	0.015288154	0.24650002	31.0	68.96400856971741
32	-4.249774	8.359758	23.668087	-27.91108	30.353846	-2.187945	2.6625054	6.4812255	-14.395639	132000	1.8626451e-09	26.610678	-0.033846434	-6.6947756	0.49050355	0.01503183	0.18625	27.0	71.03197145462036
33	-4.6867557	8.085677	20.74753	-27.993624	30.46875	-0.30737102	3.1783886	9.821107	-14.696372	136000	1.1175871e-08	24.945072	-0.015444009	-3.7524126	0.47994038	0.015717141	0.13624999	9.0	73.06019949913025
34	-2.6885004	7.8346334	17.475378	-35.612366	31.96748	-0.43409082	2.541368	5.651401	-13.212551	140000	-1.1175871e-08	25.023802	-0.027234662	-3.587183	0.47628823	0.01517127	0.1495	18.0	75.15180921554565
35	-1.4589963	8.83392	27.858316	-22.27335	34.407078	0.68179995	2.7062426	9.07358	-10.928278	144000	-1.8626451e-09	30.505253	-0.024463711	-4.26824	0.46847212	0.015055876	0.16675	20.0	77.2545371055603
36	0.22831863	9.297828	22.12407	-19.005796	36.157406	1.4250437	2.9371448	8.8058815	-12.218502	148000	1.4901161e-08	30.65268	-0.0123938415	-5.7560797	0.46084383	0.015391944	0.17025	7.0	79.23910450935364
37	2.0647268	9.2943325	23.769047	-16.555525	40.42268	2.4372027	3.425059	9.430681	-11.51738	152000	1.1175871e-08	27.835653	-0.013723102	-4.3981166	0.45830175	0.01592959	0.211	8.0	81.21126675605774
38	2.1805506	10.110445	31.09413	-22.026726	47.182926	3.8449981	3.539381	10.1068945	-12.314528	156000	7.450581e-09	38.252457	-0.021748345	-6.533691	0.45516273	0.015080739	0.12674999	17.0	83.1931209564209
39	5.145044	10.008141	34.561104	-17.543602	45.744186	3.189695	3.5986962	10.830768	-13.106095	160000	0.0	35.667053	-0.028353915	-7.1716495	0.44921792	0.015515534	0.19624999	28.0	85.28191828727722
40	6.128359	10.597339	25.524212	-22.42398	48.481014	5.029684	4.186317	13.165186	-12.394792	164000	1.3038516e-08	34.093327	-0.03128559	-10.838749	0.44167706	0.015218883	0.1885	42.0	87.43143224716187
41	8.217586	12.12207	28.889757	-25.494314	47.851852	5.4190817	4.2900014	13.824669	-10.779689	168000	3.7252903e-08	37.99951	-0.03245276	-9.474267	0.43218005	0.015250097	0.193	43.0	89.55109477043152
42	9.788594	11.158326	36.249054	-18.67732	50.894737	6.176149	4.704715	14.016449	-14.172022	172000	2.7939677e-09	35.270744	-0.026422853	-7.801138	0.42203897	0.015166734	0.1745	24.0	91.57760620117188
43	10.944657	11.153226	32.504963	-11.733681	53.08219	6.8056064	4.934067	13.898376	-9.237633	176000	1.3038516e-08	35.3824	-0.037693314	-6.5177116	0.41628537	0.013841652	0.229	79.0	93.88450050354004
44	15.395544	13.146153	43.8039	-16.347954	52.675674	7.0567627	5.110714	14.510269	-7.696844	180000	-1.1175871e-08	50.3708	-0.028018877	-14.0517025	0.39991316	0.0151790995	0.18524998	25.0	95.96791648864746
45	17.289513	12.569921	60.12684	-14.597707	56.246376	8.851106	5.790075	15.394444	-8.041492	184000	2.9802322e-08	41.955383	-0.036658958	-7.0271873	0.3943399	0.01508076	0.23475	73.0	98.25445866584778
46	20.861633	13.761541	54.65318	-8.928626	57.441177	9.721881	5.5638647	15.600133	-9.19708	188000	1.8626451e-08	48.63578	-0.029273327	-7.2968326	0.37988764	0.015253376	0.2	30.0	100.3236231803894
47	20.680689	12.314147	47.85981	-5.464462	57.588234	10.73048	5.8377733	16.162195	-7.390023	192000	-1.1175871e-08	35.474205	-0.02432542	-7.086114	0.37413716	0.016177123	0.1665	19.0	102.37995100021362
48	19.97016	14.207926	46.74856	-11.629347	55.557144	10.016199	6.4012036	16.572433	-11.146895	196000	0.0	46.26631	-0.020136496	-13.649822	0.3694137	0.015573624	0.1715	19.0	104.41182470321655
49	18.81999	15.409194	52.852394	-15.998334	56.1	9.433984	6.782547	16.850903	-13.587831	200000	-3.7252903e-09	48.52608	-0.025851978	-12.555428	0.36478028	0.0154018635	0.20275	21.0	106.73707294464111
50	23.1823	14.550209	45.566105	-16.25917	58.44776	9.717881	6.97206	17.316916	-18.255232	204000	0.0	46.330986	-0.03560198	-11.023172	0.35998818	0.012865586	0.227	79.0	109.4130072593689
51	24.310003	14.120847	45.91546	-9.469539	57.268658	11.64546	6.982725	17.963879	-6.172777	208000	-9.313226e-10	36.511963	-0.022749856	-6.429902	0.34707218	0.015337542	0.1505	19.0	111.56668853759766
52	29.29767	14.803787	72.641045	-5.533921	61.919353	12.45536	6.620024	18.538607	-5.7402244	212000	-1.4901161e-08	60.590534	-0.033589844	-13.421458	0.34332404	0.015065913	0.22125	44.0	113.8040292263031
53	27.48166	14.865665	50.36296	-27.291025	59.984615	12.830886	7.53239	19.415646	-8.11323	216000	0.0	45.7004	-0.025086105	-9.071245	0.33299664	0.0153597575	0.183	28.0	116.28386664390564
54	28.096018	17.549173	77.225006	-10.990873	58.984848	12.363915	8.077129	20.140505	-5.8728657	220000	5.5879354e-09	56.717987	-0.027012527	-12.607845	0.32691917	0.015461998	0.163	24.0	118.4690670967102
55	29.609465	14.020917	58.846584	-8.315289	58.742424	14.422527	7.646248	21.110395	-5.068216	224000	1.6763806e-08	35.45284	-0.02452321	-5.8373446	0.3217749	0.015000673	0.17175	27.0	120.77951431274414
56	32.720753	15.955609	83.64034	-1.3721322	64.21667	14.443007	8.38744	21.782509	-6.251522	228000	1.1175871e-08	48.48981	-0.028125469	-9.017798	0.31525	0.015024992	0.1855	33.0	122.98506450653076
57	33.403492	17.236607	75.8101	-13.097694	61.809525	14.630429	8.568567	22.700521	-21.699543	232000	4.1909516e-09	70.69085	-0.026780266	-21.23902	0.3070546	0.015128066	0.195	29.0	125.27402329444885
58	34.66123	14.743865	58.501682	-4.8508525	62.580647	15.384309	8.842524	23.53959	-8.393751	236000	-9.313226e-09	48.456158	-0.010122195	-11.831463	0.30052188	0.015051993	0.195	7.0	127.59057021141052
59	31.830046	14.557233	66.736855	-4.476672	63.590164	15.537167	9.058023	24.310722	-5.5882707	240000	-7.450581e-09	39.833263	-0.028741412	-6.7924438	0.29894546	0.015376518	0.1985	32.0	130.0366621017456
60	35.555916	17.517414	68.71603	-15.255781	62.885246	16.962105	8.473945	24.590336	-5.562111	244000	-1.21071935e-08	58.250904	-0.03055376	-15.45163	0.2906133	0.015100275	0.20125	46.0	132.20980191230774
61	38.386127	16.787292	74.21784	-6.9877157	65.583336	16.759016	9.3503685	25.416056	-6.325723	248000	3.7252903e-09	50.353153	-0.026622403	-11.17051	0.28136632	0.015018152	0.183	35.0	134.3396611213684
62	41.722725	17.064869	92.429085	3.9833164	66.89474	18.326937	9.18726	26.399683	-5.230261	252000	-2.7939677e-09	64.35308	-0.032752752	-17.436317	0.27482092	0.015009503	0.22025	61.0	136.75655126571655
63	38.110325	20.119663	79.96682	-4.9795876	64.25	17.54155	10.25899	27.300417	-8.028721	256000	1.4901161e-08	60.094955	-0.022843175	-15.163743	0.26498765	0.0152294915	0.15375	20.0	138.89070439338684
64	41.923374	17.897038	95.43661	-3.5632293	66.789474	18.142675	10.308648	28.222425	-4.874036	260000	2.7939677e-08	62.24926	-0.030779026	-19.080967	0.26168865	0.015000989	0.20125	41.0	141.10706043243408
65	40.706573	17.23166	88.6301	5.8066416	65.15254	18.378336	11.137648	29.115694	-5.8433633	264000	9.313226e-10	52.29385	-0.022970803	-12.747274	0.2538295	0.015326806	0.161	22.0	143.30584812164307
66	42.08339	16.835806	67.55044	-5.1073136	64.3	19.407146	11.099366	29.76828	-25.654678	268000	-1.8626451e-08	40.15738	-0.024058245	-7.1357884	0.24921285	0.015252818	0.168	20.0	145.56173729896545
67	48.028378	17.956364	109.467545	-6.3933854	69.72727	20.62892	10.491686	30.425444	-9.981726	272000	-1.1175871e-08	61.110844	-0.024790192	-23.51971	0.24501503	0.01500014	0.19600001	35.0	147.76614499092102
68	44.539684	17.867746	80.33595	-20.634943	66.79661	20.916996	11.340754	31.50344	-29.158367	276000	-7.450581e-09	44.581673	-0.023262959	-12.959915	0.23865661	0.015224999	0.17025	22.0	149.8577423095703
69	47.60615	15.926082	83.17224	14.287198	68.086205	20.575247	11.66088	32.00123	-10.200768	280000	-5.5879354e-09	43.433414	-0.026762607	-8.860441	0.23460563	0.015268283	0.18975	33.0	152.15081524848938
70	47.366592	17.712381	91.180305	-2.8192112	64.63333	21.611353	11.240346	32.750137	-9.684957	284000	-1.4901161e-08	45.682316	-0.03411474	-13.557594	0.22937238	0.015033998	0.208	45.0	154.4792664051056
71	48.300083	15.894912	90.31888	-3.3937304	65.63333	21.906332	12.223063	33.668133	-9.384979	288000	-4.656613e-09	38.628883	-0.025843177	-8.460227	0.22258551	0.015060146	0.1745	31.0	156.64986634254456
72	41.955494	18.995754	104.94399	-17.696331	62.245903	20.599226	12.748757	34.263145	-18.603706	292000	1.3504177e-08	53.029728	-0.037961952	-16.041416	0.21719311	0.014444387	0.24825001	79.0	159.13691902160645
73	52.67466	17.762865	124.77576	16.112377	67.45614	23.03173	11.523023	34.57278	-6.8606925	296000	-3.0733645e-08	63.806755	-0.02828855	-23.23375	0.20545375	0.015018984	0.21775	33.0	161.4020652770996
74	53.375343	14.454599	95.0135	20.621414	66.94827	23.568583	12.563695	35.802242	-5.4967318	300000	1.8626451e-09	39.52747	-0.03250636	-10.50556	0.2001556	0.009280063	0.238	79.0	163.78096413612366
75	50.60401	15.089214	77.964874	-8.544147	66.81035	23.285542	12.867727	36.7147	-13.425096	304000	-2.3283064e-09	30.545582	-0.021642867	-7.7257004	0.19142893	0.015637465	0.14325	21.0	165.9400098323822
76	54.627605	16.025145	87.980675	6.678043	69.23214	23.414988	12.433973	37.0381	-6.6818085	308000	2.9802322e-08	40.984806	-0.026347922	-14.956655	0.18780237	0.015010554	0.204	29.0	168.15299010276794
77	50.94975	18.233406	98.221794	10.962383	65.28814	22.8045	13.33645	37.70097	-6.092028	312000	9.313226e-10	45.281487	-0.02523851	-12.005476	0.18233207	0.0151046105	0.164	21.0	170.89968156814575
78	54.869595	17.280005	97.88831	1.1015007	64.7	25.588314	13.665074	38.436813	-9.192262	316000	0.0	45.880196	-0.03586275	-11.83403	0.17872325	0.014702506	0.238	79.0	173.32280349731445
79	55.76748	24.168657	118.7518	-9.84406	67.42105	24.672012	13.285188	39.058304	-12.62495	320000	3.7252903e-09	56.486786	-0.024157122	-18.464207	0.16341498	0.015100801	0.2075	21.0	175.69364595413208
80	56.596443	19.856514	107.71725	3.1524575	65.844826	25.838945	13.875985	40.238827	-5.263517	324000	-7.450581e-09	54.658424	-0.03426537	-17.85843	0.16042942	0.015028691	0.24274999	64.0	178.00239419937134
81	57.20029	19.443377	111.32896	-9.921527	66.5	25.421047	14.558242	41.034237	-18.24788	328000	-7.450581e-09	34.34587	-0.028281745	-7.4837956	0.15079504	0.015155287	0.192	38.0	180.2318685054779
82	63.193653	18.574478	91.8075	2.9240973	68.38596	26.7577	13.800348	41.714706	-4.580491	332000	-1.1175871e-08	44.529613	-0.034572784	-14.029997	0.14303347	0.015071642	0.231	72.0	182.6203634738922
83	62.250896	19.147654	129.91191	21.628963	70.07407	28.27014	14.646548	42.857605	-6.851969	336000	-1.8626451e-08	58.451225	-0.02123962	-21.24559	0.13246249	0.01517022	0.155	18.0	184.80657720565796
84	64.58288	18.429893	122.36369	25.488848	69.163635	28.267233	14.177063	43.82454	-6.704391	340000	-1.4901161e-08	48.65422	-0.036442682	-15.980417	0.13023306	0.015020776	0.242	78.0	187.1500163078308
85	61.055286	18.37707	97.160164	17.759777	67.4386	28.039555	15.735395	44.89569	-19.688066	344000	-1.1175871e-08	45.759933	-0.010102749	-16.763098	0.12151138	0.016562361	0.24650002	6.0	189.1980631351471
86	63.88661	13.126435	98.619934	28.717976	65.63793	29.289062	14.717304	45.181606	-5.6031857	348000	-2.6077032e-08	40.15277	-0.028544258	-14.278218	0.12077776	0.01502082	0.19475	30.0	191.36397409439087
87	66.68232	16.97358	106.87469	13.19728	68.38596	29.525671	14.932861	45.734657	-8.999635	352000	-1.3038516e-08	33.491608	-0.03822407	-10.195804	0.1143442	0.014375928	0.26575	79.0	193.82049179077148
88	66.490585	19.714115	108.5575	5.7117457	68.42857	29.811716	15.476539	46.468918	-6.6791735	356000	-6.519258e-09	48.97114	-0.021124206	-15.970485	0.10165665	0.016095463	0.23124999	16.0	195.94160151481628
89	66.577644	25.606953	174.92505	0.056386143	72.55769	29.138897	16.572681	47.261276	-29.682196	360000	0.0	69.707054	-0.028939486	-21.573832	0.099756606	0.015079882	0.21425	33.0	198.19610977172852
90	67.17653	17.210112	134.45078	27.233326	66.534485	29.938536	15.948285	48.332954	-5.954561	364000	7.450581e-09	46.74753	-0.026376134	-16.880823	0.09501475	0.015143879	0.202	29.0	200.34300875663757
91	67.80301	18.061247	138.05606	23.791973	69.89286	29.371443	17.391489	49.005264	-10.944068	368000	-6.9849193e-09	42.224556	-0.026357716	-12.452475	0.08919902	0.015170252	0.2055	28.0	202.53988003730774
92	70.992935	20.839266	119.60621	-10.517667	72.166664	30.108944	15.925305	49.322147	-5.6687183	372000	7.450581e-09	50.774914	-0.03576614	-17.104916	0.08343573	0.013564304	0.22525	79.0	204.89042329788208
93	70.83454	21.267204	111.1153	-3.893291	69.35714	31.914322	16.78217	50.14159	-4.8136134	376000	-7.450581e-09	41.45068	-0.023941096	-14.545807	0.074588604	0.015153561	0.183	18.0	206.9792401790619
94	72.332085	25.064018	149.67769	-0.35081834	74.09434	30.446394	17.52197	50.90479	-29.349586	380000	1.21071935e-08	54.636024	-0.02062051	-16.967443	0.07134725	0.0150542185	0.193	20.0	209.12809586524963
95	72.91201	26.04642	135.59584	-0.3035614	71.30189	31.44469	17.713312	51.820393	-14.355221	384000	-1.1175871e-08	60.898243	-0.016547488	-17.410536	0.068041146	0.0151542835	0.139	18.0	211.30784726142883
96	73.71019	21.543257	119.05523	12.080737	71.111115	32.648323	17.625591	52.79926	-6.73492	388000	1.6763806e-08	45.885094	-0.036520984	-15.253788	0.06616799	0.01450658	0.2505	79.0	213.66304087638855
97	70.03596	23.243006	164.56262	-4.775578	70.18519	31.26124	17.576506	53.60806	-8.15827	392000	1.3038516e-08	51.459236	-0.02811256	-15.77523	0.053750657	0.015381014	0.20725	28.0	215.78552627563477
98	71.71916	22.481712	145.66649	-0.7705753	69.85714	31.847786	17.696404	54.147827	-25.348457	396000	7.450581e-09	48.63952	-0.030213073	-18.345922	0.050293617	0.0151857585	0.2235	40.0	218.0142319202423
99	76.82818	18.832348	122.62875	34.85551	71.396225	33.18432	18.27998	54.544353	-9.498119	400000	-7.450581e-09	37.4776	-0.036328904	-11.651922	0.044584632	0.012504613	0.261	79.0	220.61774039268494
100	73.7037	19.245796	119.84005	18.763868	73.26415	31.37955	18.161797	55.078857	-27.478865	404000	7.450581e-09	41.00106	-0.024821375	-16.401016	0.034285482	0.0151141705	0.2105	21.0	222.8534860610962
101	80.029175	23.131426	135.37206	-25.607262	72.35849	34.358917	18.325344	55.292797	-20.760735	408000	1.1175871e-08	40.55558	-0.014162356	-12.80495	0.03204657	0.01505499	0.149	8.0	225.64969944953918
102	76.25306	22.104448	141.4078	25.494427	70.72222	33.67203	18.158897	56.231632	-8.097089	412000	-1.4901161e-08	44.099457	-0.03673385	-16.399849	0.030844351	0.013817849	0.26624998	79.0	228.06346201896667
103	77.29913	23.197338	139.63614	38.800877	73.01887	33.48736	19.636875	56.818783	-7.4212217	416000	-2.0489097e-08	52.544327	-0.03267829	-13.382349	0.022933377	0.015001907	0.24225	65.0	230.43295788764954
104	77.02019	22.110928	134.04692	27.216911	73.90566	31.333038	18.589413	57.328907	-8.568796	420000	-2.6077032e-08	56.51588	-0.021123134	-25.905521	0.016244847	0.015796464	0.16049999	16.0	232.65001034736633
105	80.56556	17.724068	118.941284	39.85361	72.69811	35.227974	18.653084	57.83181	-5.2855196	424000	0.0	33.064827	-0.02456566	-10.761181	0.013090947	0.015190652	0.21124999	18.0	234.83727407455444
106	80.42196	16.888811	115.50213	33.28115	71.25926	35.40111	18.934547	58.23141	-4.6764956	428000	-1.5832484e-08	30.496494	-0.018388234	-9.1970825	0.009002614	0.016049113	0.17625	14.0	237.0116798877716
107	80.75797	26.753366	126.28812	-1.8555646	70.75926	35.486176	19.184172	58.7935	-16.649933	432000	1.21071935e-08	48.2985	-0.021050688	-16.991785	0.0057479152	0.015422117	0.15425	14.0	239.08717489242554
108	85.60626	20.522337	124.968765	40.064777	77.16327	37.083656	19.41552	59.82078	-8.867512	436000	7.450581e-09	48.044083	-0.009167447	-20.981306	0.0023655025	0.015842661	0.222	6.0	241.12683963775635
109	81.238205	18.16351	135.85538	37.815674	74.0	35.374897	20.07926	60.615643	-5.645179	440000	0.0	36.876354	-0.023244169	-13.436529	0.00086562184	0.015380158	0.19325	25.0	243.29617738723755
110	81.6186	25.554178	138.23322	9.980398	72.86793	36.021687	19.744223	60.473713	-5.9671345	444000	-1.8626451e-08	39.289787	-0.019843264	-11.916876	-0.0041103372	0.015679859	0.178	14.0	245.4014151096344
111	81.39928	27.722311	142.03552	-0.3054341	72.15094	35.372932	20.215044	61.432163	-23.08893	448000	-2.2351742e-08	55.81355	-0.032345142	-17.874308	-0.007365298	0.015028568	0.2335	49.0	247.70943331718445
112	87.3204	29.49925	171.71657	25.885466	75.4902	36.651806	20.411358	62.58696	-6.0410705	452000	1.1175871e-08	61.39354	-0.02026039	-22.206259	-0.015843358	0.015149625	0.159	13.0	249.7756278514862
113	90.77734	28.526564	194.83391	42.371773	76.1	39.577923	20.482336	63.99905	-3.8862772	456000	-2.7939677e-09	68.42398	-0.027696045	-22.784693	-0.017991114	0.015024859	0.215	30.0	251.97619462013245
114	81.00525	21.792944	131.50912	39.98885	74.09804	36.07905	20.938713	64.84706	-7.8557873	460000	1.3038516e-08	43.098003	-0.03494116	-19.311642	-0.023573045	0.015165821	0.23249999	54.0	254.2310230731964
115	88.105194	25.37986	134.51195	8.581897	75.54902	37.291992	20.65047	65.26826	-9.395266	464000	4.656613e-09	41.8147	-0.018796986	-16.946053	-0.034356687	0.015224818	0.199	15.0	256.3648352622986
116	93.20401	23.106745	160.00404	43.727547	79.458336	39.570587	20.51054	65.76479	-6.3298883	468000	-7.450581e-09	49.433956	-0.019883834	-20.285894	-0.03610287	0.015017588	0.1835	16.0	258.588871717453
117	84.059944	28.532887	156.57076	2.9948816	76.66	37.552914	22.432682	66.42484	-13.171049	472000	-9.313226e-09	64.80504	-0.03350801	-32.10477	-0.038785547	0.010509968	0.23525	79.0	261.1617283821106
118	88.05029	31.11491	197.44957	-0.017115485	76.18	38.215164	21.34882	67.09309	-25.226002	476000	-1.6763806e-08	53.836853	-0.026854085	-20.4558	-0.042730972	0.015193066	0.22399999	23.0	263.2869243621826
119	87.88714	24.837751	146.09518	-0.1851702	74.76471	38.382454	21.80457	67.929955	-18.162428	480000	1.5832484e-08	60.471397	-0.029882375	-26.664207	-0.046250805	0.015030333	0.23475	36.0	265.45451951026917
120	96.51575	29.37006	209.32329	31.266697	81.702126	38.565025	21.666168	67.50099	-6.0376115	484000	7.450581e-09	71.31989	-0.021716107	-24.943626	-0.05352009	0.015017584	0.173	18.0	267.6995279788971
121	94.622765	28.381897	155.23227	-2.475685	80.0	41.08786	22.23953	69.35091	-21.415941	488000	6.519258e-09	78.92369	-0.020302419	-45.44259	-0.057072666	0.015597314	0.21525	16.0	270.5402500629425
122	80.989586	29.66841	147.16006	-2.1105623	75.31373	38.131256	21.909477	69.74014	-4.88486	492000	9.313226e-09	62.64531	-0.010841574	-32.572754	-0.060429037	0.015003902	0.21225	6.0	272.6451942920685
123	89.424515	27.569672	162.80992	0.87772053	75.333336	38.32508	21.487015	69.69836	-15.613331	496000	-7.450581e-09	64.22345	-0.016379483	-32.477535	-0.06149894	0.015916992	0.17225	11.0	274.7023432254791
124	82.80326	28.95231	156.83353	-2.2822423	74.26923	37.473045	22.655756	69.97657	-30.540577	500000	-1.0244548e-08	61.519573	-0.037732452	-30.308754	-0.06329232	0.014032836	0.255	79.0	277.2084014415741
125	93.72056	28.365389	178.15028	34.945087	80.19149	38.222572	21.625116	69.30529	-23.32437	504000	9.313226e-10	56.19706	-0.02329984	-17.769325	-0.070458256	0.01510832	0.20075	23.0	279.34782433509827
126	89.29553	14.428005	125.71943	54.74404	74.13461	38.8177	21.14062	70.7331	-4.5466547	508000	-5.5879354e-09	28.564632	-0.019160774	-12.524052	-0.07389349	0.015430596	0.143	13.0	281.39021158218384
127	103.36274	25.773901	160.7906	34.083412	83.195656	42.05703	21.447723	70.01172	-4.534435	512000	2.6077032e-08	51.670437	-0.016087523	-24.44252	-0.07691604	0.015404073	0.1615	11.0	283.4131534099579
128	95.40684	25.04006	163.07599	32.981396	79.1	42.483604	22.664837	72.04022	-32.434395	516000	-1.4901161e-08	64.85294	-0.008855786	-31.619337	-0.08003772	0.017096896	0.18675	4.0	285.52541613578796
129	97.10119	25.753494	149.33281	30.997396	79.14	40.15296	22.01183	71.28053	-4.698611	520000	-3.7252903e-09	43.20189	-0.020983323	-16.62778	-0.08120763	0.016603153	0.2185	15.0	287.7543783187866
130	92.73771	24.334772	147.41054	32.122684	74.98039	42.018414	22.080288	72.29235	-4.5554495	524000	-3.7252903e-09	34.635612	-0.01765018	-12.04904	-0.08374878	0.015666712	0.22825	13.0	289.91897225379944
131	95.52532	23.53596	174.92868	45.42066	79.395836	39.65211	21.831291	72.53959	-5.6926527	528000	0.0	52.35803	-0.032662842	-23.715622	-0.08617788	0.015043089	0.2265	76.0	292.39711260795593
132	96.753586	32.055202	191.94176	30.524588	83.108696	41.613834	21.81819	72.97423	-4.555188	532000	-1.4901161e-08	74.162575	-0.03207911	-40.147274	-0.093372926	0.015001945	0.25125	44.0	294.7376570701599
133	92.36608	26.077452	187.38998	36.328136	80.25	39.973465	23.747208	73.78269	-4.562661	536000	-7.450581e-09	52.331604	-0.03227628	-20.801659	-0.10058482	0.009014333	0.23300001	79.0	297.11641025543213
134	94.835976	28.20374	184.39351	36.450825	79.291664	39.863567	23.162058	73.47568	-11.308818	540000	-2.9802322e-08	53.072006	-0.018593436	-23.644718	-0.10655605	0.015002894	0.17774999	13.0	299.23155331611633
135	102.804794	30.59636	190.32962	35.734295	83.23913	42.15829	22.260345	73.97942	-12.305074	544000	-1.1175871e-08	74.181656	-0.022671109	-44.59709	-0.10869065	0.015026749	0.17575	22.0	301.40624260902405
136	96.30043	26.981853	156.57333	41.73431	83.478264	41.118076	24.750942	75.29242	-6.532526	548000	4.656613e-09	62.912487	-0.02336298	-32.24779	-0.11232471	0.015074752	0.235	24.0	303.56808829307556
137	96.70288	21.96797	139.725	34.926876	79.25	41.760445	23.750618	75.6863	-5.4768395	552000	2.0489097e-08	41.770374	-0.02333441	-16.989841	-0.115245216	0.015137629	0.20975	25.0	305.71819138526917
138	101.02055	27.51771	213.4143	48.73706	81.478264	41.534977	22.284334	75.063515	-5.1147547	556000	1.8626451e-08	63.4637	-0.023493595	-28.108965	-0.11824881	0.015341531	0.174	16.0	307.8884189128876
139	102.54819	30.975702	194.16983	12.4732485	80.65306	44.51618	22.788397	75.70906	-8.736523	560000	7.450581e-09	47.37597	-0.02265846	-26.482359	-0.12027764	0.0150695965	0.1755	14.0	310.0214982032776
140	100.2431	25.502487	157.11705	4.053145	79.77551	44.3335	23.14351	77.70659	-9.0247135	564000	-1.1175871e-08	38.078384	-0.030449742	-21.86164	-0.12250674	0.01510016	0.21625	51.0	312.3051609992981
141	94.20633	25.364435	132.16982	-5.8076277	78.34	41.39975	23.680075	77.455894	-20.775803	568000	0.0	62.332947	-0.019168835	-33.105484	-0.13007677	0.0151529135	0.20875	15.0	314.4010879993439
142	101.961205	24.745945	170.69646	29.969576	78.14	42.47645	21.592255	75.914	-4.2759814	572000	-2.0489097e-08	47.12385	-0.014269877	-28.973003	-0.13271122	0.016494825	0.15325001	9.0	316.4273736476898
143	99.49375	21.94097	166.64468	53.786755	81.354164	42.739857	24.0561	78.04193	-14.478899	576000	-2.9802322e-08	57.936363	-0.02301636	-35.622692	-0.13478507	0.015249027	0.25425	19.0	318.5598349571228
144	96.95429	29.346632	234.30763	50.18189	79.8125	40.842556	22.393286	76.12977	-7.9876533	580000	1.4901161e-08	63.903477	-0.007965891	-37.279327	-0.13845326	0.016863825	0.1985	5.0	320.6837697029114
145	100.68998	24.334526	171.01894	49.253128	79.42857	42.569164	22.569696	76.8234	-3.6430247	584000	1.4901161e-08	36.363605	-0.017252052	-14.015959	-0.1391488	0.015646935	0.17175	13.0	322.7823238372803
146	100.5498	31.964167	200.54877	13.598673	76.62745	42.63876	23.356527	77.73814	-6.633792	588000	-1.4901161e-08	52.9496	-0.011822119	-20.118944	-0.14121681	0.015521813	0.16575	5.0	324.8952236175537
147	98.53693	33.79274	242.59528	8.987943	78.645836	43.135113	25.049194	79.10295	-15.972494	592000	3.7252903e-09	57.783527	-0.02460448	-22.292013	-0.14198622	0.015378231	0.22375	24.0	327.14853620529175
148	103.45834	32.26063	247.5715	41.19286	79.708336	44.360905	24.023697	79.71749	-7.8883743	596000	3.7252903e-09	59.685516	-0.030728865	-22.070932	-0.14504346	0.01509365	0.2245	43.0	329.3396143913269
149	99.98934	34.332603	179.62672	17.64045	78.93617	44.14532	24.138212	80.79302	-4.540565	600000	-1.8626451e-09	64.0714	-0.019891364	-34.70694	-0.14968179	0.015607065	0.18275	16.0	331.4135444164276
150	105.24972	35.79515	205.4522	-14.923019	82.489365	45.585533	24.360415	80.80524	-4.5879965	604000	1.21071935e-08	67.72609	-0.0070457365	-29.294268	-0.15193975	0.018276881	0.22775	4.0	333.5811822414398
151	102.7898	25.472893	196.23999	48.491215	80.0	43.136032	24.360971	80.99251	-17.21743	608000	-4.656613e-09	49.617073	-0.019023456	-23.63406	-0.15257993	0.015144802	0.20775	15.0	336.5917863845825
152	97.761665	32.635128	161.9552	-16.686304	78.38298	42.77139	24.343325	80.93857	-5.6514645	612000	-3.7252903e-09	65.050224	-0.017534249	-26.25527	-0.15536322	0.015072655	0.1605	13.0	338.7040593624115
153	102.78633	35.959778	235.19661	34.56049	87.25	43.022243	24.6549	82.153755	-4.1786847	616000	1.4901161e-08	59.805794	-0.033590265	-21.472996	-0.15739802	0.012222662	0.2335	79.0	341.060506105423
154	99.43991	30.893969	163.25366	22.394619	80.23404	43.540146	25.583916	83.75526	-4.4464073	620000	-7.450581e-09	42.448586	-0.01728112	-17.696314	-0.16098894	0.015067605	0.13874999	10.0	343.21037697792053
155	106.5318	19.137304	167.34958	62.49295	80.229164	44.35588	24.45466	82.977036	-14.252642	624000	1.7695129e-08	34.21095	-0.008994091	-18.245037	-0.16189393	0.016883325	0.23825	5.0	345.31839895248413
156	106.64471	26.37935	184.2524	41.41401	85.4	43.68619	23.730738	82.15228	-4.4088125	628000	0.0	44.265648	-0.029539425	-21.723354	-0.16255596	0.015033126	0.21625	50.0	347.6746401786804
157	103.426796	29.205036	165.02344	2.4687746	80.3125	43.95005	24.524057	82.08567	-4.484621	632000	-1.8626451e-08	35.209217	-0.023180006	-13.164827	-0.16840245	0.015156777	0.2085	18.0	349.78299164772034
158	106.103165	23.577286	169.41206	52.00181	80.57447	45.31047	24.711945	82.93525	-4.325517	636000	1.3038516e-08	32.069427	-0.025473993	-12.174582	-0.17078784	0.015177719	0.215	22.0	351.9429495334625
159	107.03193	30.85994	220.26404	41.232025	82.276596	44.82219	24.925098	83.005936	-5.2934246	640000	-1.4901161e-08	44.71136	-0.02083026	-19.814459	-0.17510279	0.015592407	0.19525	16.0	354.0078692436218
160	109.1875	23.216799	185.03923	51.02427	83.73913	45.962505	25.414478	84.65755	-4.372223	644000	-7.450581e-09	32.45701	-0.030954592	-13.278511	-0.17714778	0.015154215	0.23875001	39.0	356.31602454185486
161	99.633354	33.46585	224.87665	-2.531601	81.59574	41.380135	24.805506	84.299545	-21.506033	648000	-1.4901161e-08	61.464497	-0.017287862	-28.67991	-0.18414526	0.016105674	0.2055	10.0	358.44917607307434
162	102.47927	28.82905	154.41435	28.861374	81.041664	43.769493	25.388968	84.17399	-9.703026	652000	0.0	41.123024	-0.019676315	-18.698137	-0.18534525	0.015000436	0.17899999	15.0	360.65421509742737
163	99.86773	30.545727	211.06107	15.432518	82.195656	40.196968	24.061438	82.220825	-5.895517	656000	-7.450581e-09	80.572205	-0.024456624	-53.065735	-0.18864118	0.015360616	0.207	25.0	362.7755889892578
164	112.14859	23.465443	165.25882	53.29168	86.068184	46.067116	24.237059	84.39784	-4.7324295	660000	3.7252903e-09	39.516716	-0.02728746	-18.01568	-0.19324303	0.015289742	0.21825	19.0	364.9089639186859
165	113.97468	40.522583	242.26277	33.41155	84.55556	48.62948	25.153292	84.02887	-4.2482395	664000	0.0	82.552536	-0.01798317	-43.882233	-0.1970273	0.01507446	0.21825	12.0	367.2054946422577
166	114.498566	37.40327	245.57198	47.57436	89.30232	47.410694	27.137007	88.50088	-19.167475	668000	-1.1175871e-08	84.22116	-0.032718714	-47.319164	-0.19981976	0.014826895	0.26075	79.0	369.5806403160095
167	110.67391	25.98858	180.76768	53.277332	83.652176	44.296555	26.064608	87.93364	-11.811884	672000	1.8626451e-08	38.469242	-0.02878691	-19.176708	-0.21165025	0.015221951	0.21275	36.0	371.82067108154297
168	115.21699	29.867914	238.18225	51.71296	87.11364	47.06235	24.492214	87.103325	-4.1388993	676000	-3.7252903e-09	66.87686	-0.016937926	-43.240326	-0.21981725	0.015471311	0.13875	13.0	373.96085262298584
169	112.77846	31.280624	231.65118	55.509636	81.97872	48.610367	25.121159	88.16073	-4.365899	680000	3.259629e-09	62.417988	-0.028419185	-30.612103	-0.22152755	0.015068265	0.22974999	26.0	376.239284992218
170	110.89358	35.6777	211.07457	42.91901	83.755554	47.02369	27.282331	89.36723	-4.5835533	684000	-1.6763806e-08	55.398956	-0.01908388	-25.872711	-0.2252564	0.015660621	0.17325	14.0	378.4185345172882
171	109.88024	26.53701	201.97275	47.748585	86.318184	43.38111	26.34496	88.434784	-6.15055	688000	-1.0244548e-08	45.307594	-0.021171357	-21.764194	-0.22663094	0.016041405	0.215	20.0	381.36798882484436
172	111.10024	26.24231	156.29613	32.835598	82.21739	47.076084	25.419771	87.94163	-4.2477636	692000	-7.450581e-09	55.282516	-0.016539183	-24.024214	-0.23075652	0.015446212	0.1745	10.0	383.47993874549866
173	110.70516	30.005856	202.30771	29.013334	83.977776	44.940266	25.938803	88.746216	-5.283987	696000	3.4458935e-08	37.65086	-0.03203433	-15.988512	-0.23327714	0.015016995	0.2355	40.0	385.72703790664673
174	111.37905	32.926575	196.74995	-0.77740914	81.680855	45.674427	25.918144	88.899445	-28.944788	700000	0.0	74.92495	-0.024714792	-49.867393	-0.2366479	0.015231831	0.20725	21.0	387.89967703819275
175	113.68536	30.107838	275.77304	67.48688	85.6	45.91368	26.583519	88.78722	-4.275118	704000	-1.6763806e-08	46.808937	-0.00932027	-16.792217	-0.23813239	0.015551703	0.21000001	5.0	389.9499397277832
176	113.74426	26.249334	180.93779	50.648327	84.52273	46.56834	26.02528	89.79343	-14.181383	708000	2.4214387e-08	88.77148	-0.033417694	-57.94461	-0.23872292	0.015145315	0.24375	63.0	392.2268228530884
177	115.63496	29.299498	191.18266	61.855087	83.108696	46.553722	25.642752	88.36429	-8.63483	712000	7.450581e-09	49.188736	-0.025611721	-25.39488	-0.24732743	0.01588971	0.203	22.0	394.3480234146118
178	117.480934	33.02546	233.2397	67.63597	84.55556	48.940132	25.67607	91.404625	-3.8380265	716000	7.450581e-09	57.421806	-0.029536378	-28.524683	-0.2510426	0.015003789	0.20374998	36.0	396.49665665626526
179	120.03318	26.589645	186.62064	69.44589	88.97619	49.17688	28.326138	91.82079	-7.9668336	720000	-3.7252903e-09	55.338554	-0.034526896	-29.285124	-0.2569469	0.015094403	0.27475	67.0	398.8921158313751
180	109.93761	26.272478	155.70293	54.93186	82.37778	45.547474	26.371487	89.48443	-11.884225	724000	-1.1175871e-08	38.521927	-0.034183756	-18.561737	-0.25973746	0.01500508	0.24475	65.0	401.2142653465271
181	123.26886	27.002775	190.87302	64.45205	84.86667	50.218884	26.94855	91.54262	-7.3336754	728000	9.313226e-10	37.04859	-0.026307466	-13.31666	-0.2670398	0.0152989235	0.21425	27.0	403.3799834251404
182	113.318535	28.659048	198.51239	58.045837	84.77778	46.70027	27.088942	91.10492	-4.020018	732000	-3.7252903e-09	54.38837	-0.021212846	-26.767069	-0.27268654	0.015407447	0.15675001	14.0	405.45044684410095
183	129.42676	42.750275	262.00323	63.582825	90.333336	51.877117	26.848057	91.38781	-3.9584787	736000	-7.450581e-09	85.69976	-0.018970981	-33.746082	-0.27563775	0.015391119	0.15799999	15.0	409.1840753555298
184	125.43481	38.515697	287.93442	64.335625	86.64445	53.62739	27.800003	94.808304	-4.071988	740000	2.2351742e-08	54.92588	-0.022446891	-20.387024	-0.2789053	0.015342353	0.23475	19.0	412.54265832901
185	120.68164	32.644	224.78062	7.7256145	85.48889	50.00632	25.591366	94.799965	-7.8427896	744000	1.1175871e-08	53.084183	-0.025621757	-30.768122	-0.2839841	0.015381955	0.21275	21.0	414.66425681114197
186	132.6738	47.804317	295.12555	54.929874	94.125	53.878265	27.203562	94.51418	-4.402852	748000	1.4901161e-08	92.821	-0.020071616	-47.71773	-0.28719026	0.015254382	0.16775	16.0	416.7857093811035
187	122.797195	28.694975	190.11206	73.76509	85.88636	51.883617	28.561064	98.32613	-4.502308	752000	-9.313226e-09	55.756943	-0.02016043	-30.633768	-0.28968507	0.015003211	0.20225	18.0	418.9438154697418
188	125.88989	29.305872	205.25752	49.128048	86.97727	53.046986	28.647884	96.062996	-4.543524	756000	0.0	35.666603	-0.02517816	-17.988495	-0.29314467	0.015136926	0.21225001	26.0	421.139226436615
189	132.6679	20.450342	178.57451	87.50051	92.40476	51.363235	27.884586	95.91101	-5.4843025	760000	1.4901161e-08	35.300552	-0.020430928	-20.397789	-0.29988658	0.015776616	0.19775	13.0	423.19192600250244
190	119.643326	32.358864	189.32603	40.702408	89.28571	50.20261	27.78547	94.200325	-6.745983	764000	-1.9557774e-08	49.980553	-0.019673038	-23.847406	-0.30188888	0.016304266	0.22575	12.0	425.25307273864746
191	114.4609	25.898726	210.73735	52.771378	79.20408	49.89615	26.168839	94.81748	-6.0320845	768000	3.7252903e-09	33.350025	-0.021627894	-16.237549	-0.3039798	0.015960969	0.22375	12.0	427.3978967666626
192	120.2719	41.16578	229.69734	2.5887392	85.22222	50.677258	28.5415	97.396034	-8.359712	772000	2.6077032e-08	61.38079	-0.018645693	-28.555607	-0.30689043	0.016371746	0.21374999	13.0	429.51906633377075
193	121.69123	28.57368	171.05522	46.425144	86.204544	50.392723	27.52526	97.12354	-4.661187	776000	2.9802322e-08	38.795288	-0.018235885	-20.326305	-0.30936727	0.016564203	0.22325	13.0	431.6378357410431
194	121.56845	24.834385	176.87279	69.12414	85.818184	49.164814	27.288694	95.565735	-7.8055425	780000	-7.450581e-09	35.405712	-0.010403477	-20.124205	-0.31063196	0.015066476	0.24900001	6.0	433.6915898323059
195	125.2118	26.93966	193.64467	72.98114	91.309525	50.291683	26.563866	96.14125	-10.254689	784000	7.450581e-09	48.40226	-0.025807194	-30.606148	-0.31107742	0.01565719	0.21675	25.0	437.078049659729
196	116.76396	35.578953	228.94345	4.065749	83.28261	49.7303	27.900026	96.21919	-7.730081	788000	-1.3038516e-08	71.84437	-0.018892908	-37.637314	-0.3140456	0.016119953	0.2035	12.0	439.2759852409363
197	129.58383	32.345097	208.98145	58.564293	90.74419	51.602478	27.869133	95.21598	-8.425762	792000	-7.450581e-09	49.232853	-0.01610024	-27.350544	-0.31548795	0.015864499	0.22025	12.0	441.41570949554443
198	131.95636	32.860226	236.04417	78.79679	94.48718	53.326126	26.946142	97.64878	-4.3500404	796000	3.7252903e-09	45.03897	-0.021330059	-22.828518	-0.31685153	0.015136834	0.17975	20.0	443.5824022293091
199	121.89538	29.38462	185.701	1.8497401	86.55556	50.82472	26.561907	97.96864	-7.6808906	800000	-3.1664968e-08	37.783615	-0.015836583	-21.10517	-0.3204089	0.01573809	0.1715	8.0	445.68889474868774
200	117.242035	27.960165	182.44565	51.55491	84.31111	50.84035	26.724085	96.95463	-6.8017883	804000	7.450581e-09	50.43795	-0.017600907	-33.0499	-0.3212752	0.015166408	0.1925	16.0	447.76689052581787
201	125.15311	23.6629	178.78334	66.52693	83.63043	52.15696	27.75134	96.410225	-20.108309	808000	-1.1175871e-08	22.546227	-0.01112399	-10.133907	-0.32311118	0.015441928	0.22375	5.0	449.858904838562
202	132.08556	44.637104	288.8154	-6.7684836	93.80488	53.762047	27.906063	96.72462	-17.592398	812000	1.1175871e-08	81.8657	-0.011811688	-45.15328	-0.3238386	0.016464934	0.20175	7.0	453.20734786987305
203	129.18633	26.54484	208.93745	72.06738	87.068184	53.143433	27.38455	98.90659	-13.709646	816000	-2.0489097e-08	26.169909	-0.033977643	-12.992821	-0.32498252	0.015059801	0.21925	75.0	455.51810026168823
204	125.23611	29.18842	203.57478	68.033134	86.318184	52.479946	27.596632	98.84379	-13.441461	820000	-2.6077032e-08	31.63984	-0.008448653	-17.596369	-0.3334128	0.01600676	0.2255	4.0	457.62481355667114
205	129.02083	35.08131	256.32007	57.182774	91.14286	52.606632	28.18399	99.70079	-4.505119	824000	-7.450581e-09	66.85608	-0.029126791	-44.334583	-0.3337222	0.015178705	0.231	63.0	461.31649374961853
206	128.60011	30.918003	195.72195	68.49821	93.17073	51.684	29.991558	100.61493	-14.387135	828000	2.9802322e-08	76.70455	-0.02208073	-52.42699	-0.33828872	0.015147945	0.17025	18.0	463.4786968231201
207	129.69318	28.452686	191.55165	72.62343	90.78571	51.865788	29.458838	98.97858	-18.361677	832000	1.8626451e-08	37.305973	-0.028308567	-16.26934	-0.34144646	0.015211626	0.226	29.0	467.0612542629242
208	125.79926	31.47993	213.34373	62.3511	90.16279	49.70412	27.374805	97.81695	-12.574535	836000	1.8626451e-08	56.977406	-0.020432433	-29.15815	-0.34518394	0.015329639	0.19525	14.0	469.2651379108429
209	121.15877	34.69339	190.43141	13.958645	85.295456	51.275116	28.325186	99.55946	-16.059916	840000	-7.450581e-09	39.38209	-0.018781755	-18.028404	-0.3484817	0.016372912	0.146	11.0	474.1121757030487
210	130.88806	34.648125	207.62682	59.40677	91.88095	50.90792	28.76308	99.97563	-8.005146	844000	0.0	47.739502	-0.026784781	-20.101616	-0.350312	0.015017825	0.199	29.0	478.9520444869995
211	123.599304	31.552462	186.34613	63.031376	84.26667	52.681114	28.02366	101.3884	-6.667571	848000	1.4901161e-08	33.192184	-0.032136492	-17.661911	-0.35329744	0.014406101	0.226	79.0	482.6541340351105
212	133.24529	33.49272	241.58936	59.720722	93.04878	54.237057	28.746485	101.128456	-7.0585127	852000	0.0	44.811653	-0.020624664	-22.41214	-0.35974163	0.015304711	0.20924999	13.0	486.94979643821716
213	128.5409	36.925472	260.12128	55.213196	91.04762	52.72278	29.809172	102.654686	-17.77525	856000	-5.122274e-09	46.686165	-0.03172526	-22.20172	-0.36130336	0.015108938	0.22049999	44.0	490.3437852859497
214	131.6944	37.224323	223.02391	62.817314	92.2619	53.109722	29.726196	100.74534	-10.071833	860000	-9.313226e-09	57.265522	-0.018333923	-34.97898	-0.36788285	0.01544252	0.16075	12.0	496.0753390789032
