Epoch	AverageEpRet	StdEpRet	MaxEpRet	MinEpRet	EpLen	AverageVVals	StdVVals	MaxVVals	MinVVals	TotalEnvInteracts	LossPi	LossV	DeltaLossPi	DeltaLossV	Entropy	KL	ClipFrac	StopIter	Time
0	-1534.0009	151.38339	-1298.5944	-1845.0619	200.0	0.09378879	0.19906119	0.4785332	-0.2901575	4000	8.010864e-08	247502.19	-0.001946321	-3638.5469	0.91893786	0.0013566978	0.039	79.0	2.3624703884124756
1	-1562.2996	170.67824	-1311.835	-1880.9813	200.0	-4.065414	0.66854095	0.06671034	-4.5191665	8000	-9.346008e-08	251382.92	-0.00100775	-4101.1562	0.9134996	0.0014390824	0.02325	79.0	4.422428369522095
2	-1476.6106	244.27286	-1116.9498	-1869.1139	200.0	-8.244867	1.2453895	-1.1366212	-8.729283	12000	8.4877016e-08	227731.2	-0.0021229477	-3049.7656	0.9099443	0.00076219934	0.04275	79.0	6.297041177749634
3	-1596.1058	208.926	-1251.4575	-1897.0918	200.0	-11.83652	0.22553535	-8.820975	-11.900314	16000	1.2969971e-07	251539.33	-0.00082120224	-2858.1406	0.90428364	-0.00014849061	0.02425	79.0	8.226458549499512
4	-1556.0278	216.28021	-1230.3088	-1855.032	200.0	-14.948889	0.2722284	-12.047423	-15.016475	20000	-1.9550323e-07	237622.56	-0.0009877072	-2607.8281	0.90186906	-0.0002152459	0.019	79.0	10.10880184173584
5	-1573.4695	194.00208	-1205.5786	-1880.993	200.0	-17.906164	0.12568343	-16.248695	-17.936983	24000	-1.487732e-07	238268.1	-0.0013402443	-2528.5469	0.9003902	0.00075606786	0.02275	79.0	11.965859651565552
6	-1472.4624	231.3422	-1106.1594	-1897.81	200.0	-20.735853	0.19619022	-19.16621	-20.786718	28000	8.630752e-08	210727.6	-0.0013649496	-2228.2969	0.8995971	-5.414775e-05	0.033	79.0	13.835673332214355
7	-1588.5105	195.24864	-1249.816	-1832.2563	200.0	-23.440649	0.055758916	-22.571049	-23.452368	32000	2.2888184e-08	236104.53	-0.0024350395	-2431.125	0.8950179	0.0009875864	0.0455	79.0	15.711938858032227
8	-1531.7029	244.26544	-1050.2063	-1865.955	200.0	-26.203894	0.07575526	-25.417578	-26.222572	36000	3.9672852e-07	220276.75	-0.0007745586	-2256.4531	0.8886358	8.5366446e-05	0.0235	79.0	17.577492475509644
9	-1556.9282	219.95108	-1195.9949	-1892.0155	200.0	-28.88913	0.0347403	-28.36419	-28.897577	40000	1.6212464e-08	223337.94	-0.0018494038	-2279.2344	0.8834589	0.0015767908	0.04075	79.0	19.461146354675293
10	-1433.0385	252.4194	-1143.2874	-1883.9603	200.0	-31.560091	0.053386807	-30.991753	-31.577791	44000	-8.869171e-08	188479.12	-0.0012046394	-1929.7812	0.8776098	2.0958661e-05	0.0515	79.0	21.4009530544281
11	-1535.1555	243.48381	-1147.5112	-1888.327	200.0	-34.05585	0.014881613	-33.87016	-34.06085	48000	-1.1253357e-07	210677.36	-0.0027493334	-2121.6719	0.8676229	-0.00043034673	0.06125	79.0	23.514745235443115
12	-1411.9918	229.56259	-1161.4246	-1851.4417	200.0	-36.6429	0.03097356	-36.289726	-36.65293	52000	3.1375885e-07	176745.38	-0.00092507835	-1824.1562	0.85831994	0.00076855073	0.0225	79.0	25.443493604660034
13	-1453.8534	239.35155	-1143.5789	-1890.5776	200.0	-39.07639	0.02223137	-38.769135	-39.082394	56000	5.1498414e-08	184681.14	-0.0010762186	-1885.9219	0.8614272	0.0007294439	0.02625	79.0	27.328338146209717
14	-1375.0066	199.67085	-1060.0051	-1771.4409	200.0	-41.541286	0.02797946	-41.25902	-41.549747	60000	7.724762e-08	163145.56	-0.001664084	-1709.2969	0.86255074	0.00082205643	0.0435	79.0	29.194075345993042
15	-1365.9355	216.27351	-1054.4602	-1878.1473	200.0	-43.91263	0.023526054	-43.694126	-43.91987	64000	-2.0694732e-07	160436.86	-0.00073090603	-1677.1094	0.8603516	0.00075247587	0.01725	79.0	31.070333003997803
16	-1467.8606	209.90137	-961.6733	-1802.7054	200.0	-46.272305	0.013021377	-46.10963	-46.275524	68000	1.9073487e-07	179924.77	-0.00066319754	-1874.875	0.8573224	0.00030447496	0.01275	79.0	33.00943112373352
17	-1416.2744	213.44464	-963.485	-1752.2236	200.0	-48.76422	0.012634052	-48.6203	-48.768085	72000	-9.536743e-08	165155.89	-0.001732996	-1744.4062	0.8468876	0.00013290017	0.03625	79.0	34.91397404670715
18	-1380.0355	235.4875	-1027.8436	-1856.6414	200.0	-51.189358	0.015481849	-51.051205	-51.194283	76000	-7.343292e-08	158826.64	-0.0018088893	-1682.75	0.8375265	-4.134751e-05	0.036	79.0	36.78295612335205
19	-1331.0143	135.10994	-1078.0068	-1579.3887	200.0	-53.58111	0.011933702	-53.46796	-53.58462	80000	-1.525879e-08	142476.14	-0.0013740225	-1558.5625	0.8212411	0.0014798623	0.041	79.0	38.676212787628174
20	-1490.635	211.36479	-1078.6519	-1753.1342	200.0	-55.89912	0.006944063	-55.81033	-55.900887	84000	-1.4686584e-07	177054.7	-0.0012904748	-1885.2344	0.8124155	8.416374e-05	0.03775	79.0	40.44862723350525
21	-1311.1729	208.61719	-1052.8206	-1826.9949	200.0	-58.433773	0.011483633	-58.33993	-58.43797	88000	-8.678436e-08	135918.3	-0.0018805409	-1488.0781	0.80253077	0.00083838607	0.04325	79.0	42.140692710876465
22	-1446.1677	189.42409	-1032.0879	-1805.8599	200.0	-60.729668	0.005352107	-60.66376	-60.73103	92000	2.193451e-07	162639.25	-0.0024074893	-1757.4375	0.7842306	0.0005429678	0.04925	79.0	43.83248734474182
23	-1351.8357	162.25116	-1073.2284	-1705.4653	200.0	-63.200775	0.0062784255	-63.129192	-63.20269	96000	3.156662e-07	139212.83	-0.0019105431	-1544.9531	0.78267473	0.00048390872	0.04675	79.0	45.573389530181885
24	-1281.6915	164.67648	-1056.337	-1708.8153	200.0	-65.54833	0.006947221	-65.48497	-65.55106	100000	1.1253357e-07	123544.83	-0.0017354451	-1381.1875	0.78905237	0.0002720241	0.042	79.0	47.29136562347412
25	-1387.3215	242.49585	-1057.8352	-1836.1469	200.0	-67.78092	0.0052677533	-67.726616	-67.782715	104000	3.185272e-07	147654.05	-0.00087162777	-1609.0625	0.79100233	0.00050354085	0.016	79.0	48.995652198791504
26	-1316.1536	230.70781	-933.47986	-1750.0239	200.0	-70.18301	0.0071447613	-70.13365	-70.18564	108000	-9.346008e-08	129254.72	-0.0013677139	-1446.0078	0.7873999	0.0010868663	0.0275	79.0	50.68461227416992
27	-1379.2357	260.88846	-938.80176	-1803.8877	200.0	-72.49061	0.00481238	-72.45007	-72.49243	112000	-2.0885467e-07	141004.84	-0.0019145651	-1541.0312	0.7921505	0.00046836276	0.03475	79.0	52.55247640609741
28	-1378.0029	171.78004	-1096.5936	-1763.0461	200.0	-74.87147	0.0020943808	-74.839005	-74.87225	116000	-9.918213e-08	136736.1	-0.0018961801	-1550.0781	0.80067426	0.0017422683	0.0455	79.0	54.422385692596436
29	-1251.282	204.52443	-924.3748	-1713.0509	200.0	-77.27097	0.005719127	-77.23534	-77.273285	120000	1.2779236e-07	111304.06	-0.0025474674	-1270.8906	0.8024693	0.0021160427	0.053	79.0	56.292362213134766
30	-1375.3762	204.12396	-974.0491	-1645.5503	200.0	-79.472015	0.0034414462	-79.44169	-79.473076	124000	-6.5803526e-08	133832.6	-0.0022399067	-1518.5625	0.80208063	0.00111417	0.051	79.0	58.295111656188965
31	-1277.1328	215.74017	-978.9449	-1721.2628	200.0	-81.8616	0.0031273002	-81.83426	-81.86303	128000	3.4332274e-08	112680.945	-0.0016391973	-1291.8828	0.7866968	-0.00038344518	0.042	79.0	60.326550245285034
32	-1287.1172	224.48363	-860.2883	-1716.2771	200.0	-84.100784	0.0035121904	-84.07635	-84.102196	132000	-1.2111664e-07	114235.36	-0.0025783386	-1302.7344	0.76615906	0.0004030281	0.067	79.0	62.14030718803406
33	-1366.0491	244.19777	-1040.8593	-1847.9049	200.0	-86.350876	0.002018432	-86.327896	-86.3517	136000	-8.964538e-08	130189.72	-0.002962605	-1479.5	0.75650984	0.0008812753	0.0465	79.0	63.95497465133667
34	-1396.7273	271.5753	-919.6882	-1734.3966	200.0	-88.751526	0.0031718232	-88.73035	-88.75262	140000	1.0967255e-07	134699.05	-0.0018985677	-1544.6094	0.7611923	0.00024218217	0.0415	79.0	65.7740969657898
35	-1269.022	246.21634	-1007.4964	-1795.6963	200.0	-91.218155	0.0024804417	-91.198906	-91.21935	144000	-1.8119811e-08	107232.516	-0.0022953243	-1236.6953	0.75667065	0.00017322705	0.04375	79.0	67.64993333816528
36	-1261.3029	230.412	-851.6771	-1623.5349	200.0	-93.453575	0.002633377	-93.43702	-93.45474	148000	4.863739e-08	102958.59	-0.0017419148	-1189.9531	0.7492598	-0.00019885447	0.0335	79.0	69.36285948753357
37	-1237.0428	269.87814	-761.59045	-1829.1234	200.0	-95.64698	0.002902171	-95.63238	-95.6484	152000	3.051758e-08	99790.43	-0.0024372158	-1136.0078	0.7360865	0.0015800544	0.04675	79.0	71.24184155464172
38	-1425.0253	239.28705	-886.0911	-1707.8875	200.0	-97.80733	0.0016403934	-97.79324	-97.80784	156000	3.4332274e-08	131456.45	-0.00154036	-1534.6016	0.73325396	0.0009488367	0.03375	79.0	73.01502466201782
39	-1418.5367	203.8051	-1122.9087	-1861.8209	200.0	-100.303665	0.0006825483	-100.29385	-100.303955	160000	-8.106232e-08	127448.945	-0.0013767997	-1526.0	0.72976667	0.0006186082	0.03625	79.0	74.76995182037354
40	-1292.3772	229.07887	-965.4564	-1708.3551	200.0	-102.81883	0.0014424496	-102.80703	-102.81955	164000	1.9073487e-09	101949.32	-0.0015328616	-1212.7188	0.7257483	0.0007900116	0.0285	79.0	76.64182496070862
41	-1285.314	310.59674	-743.8546	-1806.3645	200.0	-105.084816	0.0024768962	-105.07358	-105.085945	168000	-2.2888184e-08	103931.0	-0.0021375814	-1170.5078	0.7208349	0.0015654563	0.04075	79.0	78.51579165458679
42	-1232.4708	195.77765	-859.0457	-1640.1924	200.0	-107.31101	0.0014240105	-107.30079	-107.31176	172000	-2.6702882e-08	88307.87	-0.001881805	-1060.5156	0.7188547	0.00012690389	0.03625	79.0	80.37701296806335
43	-1187.2148	224.09319	-815.7782	-1516.7001	200.0	-109.44862	0.0020816647	-109.43895	-109.44966	176000	-1.2397766e-07	80894.05	-0.0021250264	-965.8203	0.72392064	0.0004176681	0.04125	79.0	82.24838185310364
44	-1269.7002	204.2058	-862.2345	-1611.6387	200.0	-111.50483	0.0012093905	-111.49636	-111.50538	180000	1.1253357e-07	92093.58	-0.0024345112	-1109.8672	0.7144296	0.001133944	0.06375	79.0	84.10979127883911
45	-1247.9617	156.79886	-857.2563	-1553.2806	200.0	-113.70949	0.0009291425	-113.70162	-113.70992	184000	6.771088e-08	85912.82	-0.0021045522	-1072.1641	0.69800496	0.0016282563	0.04325	79.0	85.9685754776001
46	-1357.6372	193.16937	-1016.8986	-1665.9156	200.0	-115.901634	0.00056040037	-115.89623	-115.901886	188000	-4.2915346e-08	106086.27	-0.0019057979	-1323.2422	0.69268024	0.0007950343	0.05575	79.0	87.82732009887695
47	-1271.4749	278.28732	-774.0755	-1643.4137	200.0	-118.32961	0.0015872235	-118.32168	-118.33035	192000	-5.8174134e-08	92175.79	-0.001702043	-1111.0703	0.6895441	0.00021826797	0.03	79.0	89.70201635360718
48	-1279.4163	246.51257	-888.7355	-1707.3807	200.0	-120.59082	0.0014938198	-120.5839	-120.59146	196000	-1.2397766e-08	90921.11	-0.0023679277	-1100.6328	0.6861948	-1.1803359e-05	0.0445	79.0	91.56878399848938
49	-1248.0618	216.76271	-852.6107	-1674.4326	200.0	-122.84136	0.0011990474	-122.834465	-122.84192	200000	-6.67572e-08	83977.414	-0.0019281913	-1045.4297	0.67824566	0.00033750318	0.029	79.0	93.46707248687744
