Epoch	AverageEpRet	StdEpRet	MaxEpRet	MinEpRet	AverageTestEpRet	StdTestEpRet	MaxTestEpRet	MinTestEpRet	EpLen	TestEpLen	TotalEnvInteracts	AverageQVals	StdQVals	MaxQVals	MinQVals	LossPi	LossQ	Time
1	-33.650723	19.834057	-9.4888	-473.70215	-31.34404	24.27612	10.118619	-87.617	19.5459	28.6	3999	-0.74853176	4.9833097	14.325186	-476.0466	-1.4298662	7.147449	16.626139402389526
2	-32.652966	8.9222355	-13.946065	-158.69882	-50.633102	13.535336	-33.27234	-89.07369	19.432564	20.125	7999	26.796942	38.37707	230.1326	-592.13245	-34.471107	9.126267	36.34552836418152
3	-37.376457	17.312395	4.486845	-111.048615	-55.3875	34.461445	4.9791713	-106.381454	21.330667	20.05	11999	142.48897	122.2881	467.61337	-634.20825	-162.47638	74.63387	56.891133069992065
4	-36.40855	29.956331	29.053415	-118.14833	-53.429688	31.269922	-0.14223908	-111.12543	26.494196	33.2	15999	171.65312	148.16783	477.42325	-582.99084	-187.39044	148.43643	78.61593770980835
5	-46.74332	38.17127	18.893274	-268.88657	-50.016205	30.598648	2.5709152	-95.31484	34.319744	35.95	19999	156.89967	131.70432	429.6859	-576.89996	-170.72128	147.14792	99.8795416355133
6	-54.91092	50.69888	23.25861	-694.5038	-49.56717	30.65976	12.580028	-107.837944	33.1722	34.45	23999	159.41008	132.17914	480.51276	-553.2332	-173.09003	181.75713	121.60452437400818
7	-59.391624	38.335484	30.712175	-496.89	-79.307144	50.456135	-2.172577	-179.16414	33.854122	33.225	27999	172.97372	147.47453	625.25525	-556.8628	-186.92491	248.10342	143.11756777763367
8	-70.83642	52.464645	23.528515	-773.2389	-80.565346	39.30707	2.625661	-154.67542	35.764046	43.325	31999	190.82776	172.11526	654.2791	-580.6493	-206.54565	351.99243	164.99581336975098
9	-77.049194	47.29381	28.002369	-651.1859	-71.44681	46.07359	4.086702	-161.51837	40.565655	38.325	35999	211.0199	191.9188	647.80566	-561.7313	-226.60075	416.62555	186.77141308784485
10	-83.53779	52.819313	47.772068	-472.59265	-77.34232	45.793728	12.070608	-169.9944	38.28777	50.725	39999	216.90475	205.76012	691.29877	-584.0477	-232.49142	505.87137	208.43872785568237
11	-73.68594	51.716824	23.951445	-692.23224	-79.76453	41.409016	-11.716895	-184.90622	45.35028	50.15	43999	223.76636	211.44972	694.0768	-552.1771	-239.40031	559.9662	230.4047348499298
12	-78.64324	57.215168	25.298197	-747.7801	-66.17139	46.55442	18.921017	-136.29655	37.320843	44.05	47999	231.45308	214.76717	697.17017	-571.6908	-246.52263	604.4624	252.63648319244385
13	-83.31899	48.98535	6.053783	-415.8464	-87.99587	34.914837	-18.579313	-169.6291	41.07161	37.05	51999	227.01334	207.31877	707.6289	-594.34796	-241.43259	589.1578	274.50786304473877
14	-82.275475	41.868763	14.66032	-479.72134	-74.88015	40.23862	6.8422875	-169.42702	42.296295	42.625	55999	217.4293	198.95573	671.5652	-554.0163	-230.63126	538.5825	295.7430467605591
15	-78.85517	38.527267	4.563301	-215.75035	-88.09877	43.298763	-8.375143	-202.34117	48.62918	43.025	59999	204.27647	187.4525	655.5379	-586.25604	-216.504	481.39307	316.9989187717438
16	-81.201965	44.666325	13.550756	-477.774	-99.79602	96.69568	-11.383538	-638.94824	44.831932	34.75	63999	190.06252	176.18446	617.1525	-594.1895	-201.07637	435.76776	338.4413528442383
17	-80.7754	39.18876	10.816814	-225.61884	-87.03526	42.534355	14.421617	-181.40677	40.68274	46.375	67999	172.98216	163.94484	570.6357	-540.194	-182.95972	394.8617	360.3624246120453
18	-79.29571	37.898815	11.87878	-208.80994	-86.62325	42.699482	-3.7459733	-179.79533	40.974358	44.075	71999	155.33217	148.44786	523.47675	-528.05927	-164.57568	340.92175	382.33248805999756
19	-86.15274	55.29235	-10.455504	-763.41046	-85.65965	32.67297	-36.35779	-162.00867	38.56971	49.025	75999	147.44736	146.09175	549.24347	-481.8252	-156.86322	334.69568	404.4714050292969
20	-97.67876	36.718052	-9.463113	-241.64496	-66.60005	57.48571	242.21701	-149.44228	44.158333	51.525	79999	139.11134	140.84854	518.2061	-618.25385	-147.63678	297.84326	427.09349513053894
21	-84.10861	38.752995	6.410265	-278.09018	-83.00661	34.330963	-20.370073	-138.6287	44.648045	40.425	83999	128.18526	128.94089	490.5495	-709.94025	-136.25668	264.29712	449.1306481361389
22	-87.90131	36.605446	6.4218087	-213.72379	-79.4363	37.421314	-16.772581	-154.25902	41.525906	40.35	87999	114.71632	112.41935	421.25974	-711.1227	-121.98138	219.3971	470.7145023345947
23	-99.346344	43.33892	4.2591863	-298.11575	-112.9236	39.096333	-42.51322	-219.4472	40.778625	53.8	91999	101.25018	97.963	381.22513	-709.63306	-107.80382	185.72202	493.20794892311096
24	-102.83489	46.228928	-25.253342	-338.5666	-103.07326	38.03013	-44.948006	-199.59175	52.930695	52.5	95999	87.11978	84.75375	321.64282	-781.9563	-92.81239	141.70854	514.9126539230347
25	-93.27554	42.901134	-10.844984	-311.52115	-78.63096	28.57914	-29.309124	-155.21332	47.778442	41.95	99999	73.609245	72.78001	263.14456	-772.9598	-78.477806	105.93519	536.629499912262
26	-92.24231	37.46712	-23.250975	-264.12668	-82.14146	37.290028	-12.477256	-182.0978	41.161953	44.625	103999	59.965263	62.50684	214.36723	-697.0021	-64.33007	88.08529	558.1070983409882
27	-85.795044	38.502277	-6.8588643	-243.19614	-93.36806	37.330067	-30.15434	-177.00688	40.38889	40.3	107999	50.66541	54.727833	204.80075	-561.06726	-54.749836	75.263824	579.8745062351227
28	-83.8855	63.289944	-0.25226036	-670.9295	-63.409607	42.1201	10.02445	-156.42468	42.444443	44.775	111999	43.66072	48.79195	181.10625	-761.79425	-47.462948	62.967323	601.778242111206
29	-74.024536	37.96368	4.0459785	-186.89662	-81.77431	50.56356	3.5748944	-212.08167	46.80294	46.675	115999	36.9629	44.93941	178.99246	-729.66315	-40.434296	54.802067	623.8070130348206
30	-76.625496	46.72164	18.45472	-412.899	-86.07355	58.40975	16.097004	-235.87485	40.716457	40.725	119999	32.780094	42.877583	179.23889	-709.3458	-36.31686	48.930923	645.0591814517975
31	-78.57071	48.51626	75.89926	-394.25342	-86.05713	53.84746	0.0021615848	-197.83878	44.57703	49.975	123999	30.196207	42.191994	168.70844	-711.4755	-33.565647	44.739563	666.9798481464386
32	-73.6953	44.143032	263.28647	-183.14412	-74.49197	46.285347	11.47993	-158.80025	49.650154	50.025	127999	25.063358	38.867165	162.249	-839.74146	-28.074265	37.63731	689.3040511608124
33	-70.926315	49.832317	14.112735	-678.8944	-63.727947	38.250877	11.805426	-148.34981	48.386707	47.725	131999	21.225765	37.242966	156.01547	-756.07074	-24.10719	37.064667	711.4426536560059
34	-62.633736	29.83098	19.851524	-206.80923	-69.91761	39.508087	10.755535	-190.90085	40.48861	49.2	135999	19.900072	37.13344	158.73784	-727.11395	-22.855532	35.44883	733.6221144199371
35	-64.22559	52.839993	10.995235	-786.21796	-61.227173	27.532688	0.67826426	-122.190506	48.658535	49.45	139999	20.088543	38.03615	156.97844	-877.87885	-23.054451	33.494205	755.9519276618958
36	-63.239773	53.614796	20.111141	-599.6921	-54.67788	37.859158	11.704075	-118.01077	48.11976	48.375	143999	20.206778	37.286163	152.80507	-895.5646	-23.143555	34.393684	777.4568727016449
37	-58.2194	47.817734	16.718798	-631.32983	-47.671852	29.475718	-3.5736415	-157.70677	49.790627	47.425	147999	19.942913	36.193222	148.83177	-871.5591	-22.862375	32.821114	799.1353788375854
38	-56.121117	48.786095	7.5883193	-705.2838	-49.473263	31.882904	8.232563	-130.78563	47.967068	51.825	151999	20.065035	35.79724	150.4122	-898.1917	-23.008797	34.949043	820.69184923172
39	-55.03646	57.368374	23.284842	-777.2513	-46.42824	39.69488	14.265327	-196.2972	51.598072	52.65	155999	20.495773	35.615356	152.92531	-781.3624	-23.431149	36.99358	842.5159182548523
40	-48.991753	33.21386	17.401232	-243.81206	-66.131516	89.07584	2.2495542	-576.57587	55.46528	47.125	159999	20.135582	34.27602	147.79565	-714.13916	-22.985365	33.435837	864.5397944450378
41	-48.571465	31.921911	23.630465	-147.46114	-55.328247	34.22197	2.852746	-121.735596	53.386665	56.025	163999	19.69034	32.671158	141.24153	-817.7034	-22.534853	32.25632	886.5324025154114
42	-54.1125	64.60774	15.030431	-787.1458	-79.9707	142.06387	12.39396	-737.3888	48.28788	53.3	167999	18.99995	30.789576	132.09192	-767.86743	-21.798899	31.707603	908.4896898269653
43	-48.58484	32.641747	24.021091	-210.58546	-53.041252	28.19333	3.3114934	-123.93951	48.092815	51.275	171999	18.713676	28.613924	121.823875	-847.11816	-21.517603	31.761723	930.4726405143738
44	-46.205006	29.813639	23.107553	-164.81479	-38.908028	34.63496	2.6874084	-168.28783	47.278107	52.125	175999	19.99711	28.292736	129.37427	-706.95807	-22.948715	32.715954	952.8300149440765
45	-47.24194	32.384693	23.676697	-160.91907	-51.8177	30.718834	-6.6299987	-115.85004	51.209003	54.125	179999	20.488735	27.625036	131.21935	-732.4112	-23.348152	32.956593	975.012877702713
46	-50.75937	34.706814	18.206299	-227.00012	-43.816444	30.61226	15.230824	-131.02328	50.930378	48.275	183999	19.66151	26.130669	130.11589	-661.4889	-22.392576	31.175028	996.7297549247742
47	-49.7884	39.546196	17.225178	-442.96085	-51.229942	38.135487	4.320387	-150.31044	51.07372	52.875	187999	18.431658	24.510271	123.696815	-991.42224	-21.099707	27.72373	1019.0059580802917
48	-47.925022	41.85801	24.10617	-485.12888	-58.85795	46.44466	27.000956	-151.58498	50.731014	59.675	191999	17.273624	22.837128	119.29011	-840.25336	-19.830347	26.209173	1040.8143627643585
49	-45.109318	37.089214	17.641405	-307.49176	-54.385235	38.210197	10.680157	-150.3986	52.94371	58.05	195999	15.450097	20.699472	112.49227	-823.99866	-17.871895	24.68987	1063.2265625
50	-45.192898	53.87294	18.621819	-689.8601	-39.744587	36.78045	10.576413	-143.89882	53.26	50.725	199999	13.29522	18.385057	89.11046	-969.17896	-15.597142	21.99659	1084.9060950279236
51	-45.297626	37.10804	28.522951	-261.25766	-62.224945	44.78785	9.8883505	-179.94563	53.945946	55.05	203999	11.56686	16.379284	79.863266	-935.27563	-13.794618	21.59529	1106.7981412410736
52	-44.316105	39.08544	26.081987	-170.6556	-38.98049	41.308456	15.482002	-196.85506	55.010273	54.45	207999	10.395528	15.021602	70.24919	-838.0301	-12.543922	19.364658	1128.7920928001404
53	-44.699654	35.6851	21.823332	-167.57413	-46.94326	36.64694	5.2010202	-131.59288	53.115894	47.85	211999	9.392473	14.262462	63.060436	-885.17017	-11.460914	16.926802	1150.6801443099976
54	-39.089035	34.61532	22.769785	-322.3896	-40.829937	28.437864	10.174585	-98.70709	51.613636	54.325	215999	8.703949	13.994744	67.93291	-1003.4477	-10.768662	18.279211	1172.1695094108582
55	-38.798187	57.971848	26.144102	-773.9152	-37.964592	34.103497	5.1608915	-140.44386	52.904606	48.675	219999	8.616593	14.216298	72.327545	-978.524	-10.677375	18.798798	1194.4291388988495
56	-35.816765	38.813744	16.897018	-566.5706	-42.775784	23.98903	-5.388188	-103.049515	49.27077	53.225	223999	8.631105	14.55064	76.74337	-804.36633	-10.686648	20.782988	1216.2056713104248
57	-37.636005	28.434875	29.784264	-144.86401	-35.965317	25.981884	2.574825	-83.69354	53.294315	52.725	227999	8.822287	14.776124	78.04697	-1003.3119	-10.905031	17.511045	1238.271148443222
58	-35.873768	29.836115	93.502396	-147.10596	-55.301506	28.453894	-12.749391	-114.513016	53.39	55.025	231999	9.217016	15.345098	75.08606	-843.03076	-11.263262	17.828415	1260.3990516662598
59	-41.009274	56.25789	20.872183	-629.65155	-34.100624	28.051853	13.276376	-119.56269	54.010136	59.175	235999	8.808334	14.999389	65.69086	-970.44434	-10.786526	18.0946	1282.712964296341
60	-33.38738	54.26053	25.471394	-781.3029	-23.86169	22.256372	27.320623	-85.34797	54.797947	52.775	239999	8.156291	14.389729	70.43967	-884.30133	-10.1237135	16.291073	1304.4231622219086
61	-31.899796	41.71276	31.881199	-600.53314	-24.726091	29.575926	30.823717	-87.86939	51.240383	48.9	243999	8.319001	14.148703	76.70111	-1007.494	-10.309732	17.949848	1326.4636669158936
62	-32.787064	56.774113	28.470474	-757.26196	-32.83602	27.850481	14.192531	-99.1086	52.855263	58.525	247999	8.894262	14.454228	77.87402	-1017.23895	-10.896669	18.84059	1348.6079025268555
63	-25.569304	26.070162	41.899284	-95.405426	-21.223513	20.49433	22.716848	-64.28684	52.549343	51.9	251999	9.585741	14.840364	75.281006	-925.43317	-11.635968	20.409876	1370.415824174881
64	-24.90202	25.834631	47.293434	-216.43454	-23.877956	23.29006	12.970873	-96.35358	53.188744	55.975	255999	10.605625	14.842939	72.44212	-894.74567	-12.7020645	19.12985	1392.795071363449
65	-22.926188	24.054413	38.500046	-118.73694	-18.116795	63.085796	349.7305	-87.88873	54.530823	57.05	259999	11.394515	14.718293	68.13042	-1058.678	-13.483519	17.228214	1415.2402865886688
66	-19.54349	46.464703	56.364956	-666.80725	-22.798504	26.373192	28.348038	-122.18488	56.875446	49.4	263999	11.905997	14.849413	66.22578	-872.6562	-14.003315	18.699678	1437.258005142212
67	-20.214233	26.418236	41.568813	-127.70403	-33.000572	31.604162	41.831043	-95.474266	56.414036	57.375	267999	12.4075575	15.132666	64.757454	-1003.5023	-14.498971	19.02594	1459.1170885562897
68	-20.748194	59.605213	32.552494	-686.69714	-30.480114	120.328575	40.45711	-763.1596	56.782917	56.15	271999	12.820491	15.378722	66.976166	-800.7976	-14.97625	21.754007	1481.0020289421082
69	-18.56872	25.636074	27.660723	-125.426674	-32.348946	78.38916	36.47701	-454.27304	57.440434	61.5	275999	13.260954	15.693972	67.552124	-1050.1174	-15.394677	19.506216	1503.4518637657166
70	-24.237915	44.77974	28.55734	-431.9667	-20.100689	28.998434	28.371462	-84.552734	57.074467	57.35	279999	13.470403	15.685952	71.32353	-839.0519	-15.566712	19.452219	1525.6979653835297
71	-19.903631	23.749285	27.923168	-99.002686	-32.839264	76.25074	26.942259	-450.20752	57.129032	62.85	283999	13.622924	15.749376	67.93729	-1019.00073	-15.717511	19.171524	1547.8619408607483
72	-25.993412	26.744991	27.483486	-102.887955	-24.636036	25.790407	39.92078	-102.389946	60.13483	61.5	287999	13.539013	15.718382	71.97292	-1077.1954	-15.614306	18.499928	1570.3327188491821
73	-20.419708	25.494873	38.770786	-93.66513	-23.195892	24.269735	21.768589	-77.72522	57.602886	47.725	291999	13.507339	15.7214575	79.44556	-840.4299	-15.590774	21.195532	1592.3489801883698
74	-22.807135	49.35977	44.800007	-730.1039	-17.931759	20.395185	13.846681	-76.22981	55.47751	58.425	295999	14.14489	16.269033	83.368866	-1017.5545	-16.307735	23.448195	1614.4345707893372
75	-20.183943	43.61562	43.239483	-612.3741	-24.876234	28.891134	20.969145	-84.22671	58.443222	62.175	299999	15.006767	16.842234	84.64953	-828.4707	-17.18549	20.608429	1636.3800828456879
76	-25.331768	30.750286	27.686752	-274.4288	-29.413284	41.217567	16.961477	-237.26782	59.69403	54.85	303999	15.315847	17.278093	85.79334	-984.54987	-17.506681	23.85545	1658.2031524181366
77	-21.74677	26.648619	35.155537	-124.262596	-20.603016	37.641598	23.836313	-192.70181	57.694244	57.725	307999	15.798183	17.335033	87.736595	-794.05554	-17.966326	22.20583	1679.9603736400604
78	-23.859522	30.44662	29.421648	-249.81349	-20.040321	29.660402	39.35296	-83.96383	58.61172	65.45	311999	15.912865	17.450762	86.24862	-856.8512	-18.086216	21.864138	1702.0752263069153
79	-19.591032	34.775837	297.04715	-177.18712	-20.468822	27.090992	26.277405	-88.49084	59.30258	56.8	315999	16.352163	17.663607	90.718254	-781.118	-18.523455	24.222448	1723.830946445465
80	-26.80116	28.38241	42.882317	-182.97409	-22.489988	25.322727	51.887493	-74.88738	57.032257	55.425	319999	16.710243	18.041151	87.30616	-1021.7355	-18.878248	22.197016	1745.6459202766418
81	-26.868738	52.983513	37.478756	-595.9762	-21.313229	28.261757	27.463272	-96.4336	59.654274	60.6	323999	16.747435	18.441126	93.94078	-939.55884	-18.901377	21.22952	1767.896178483963
82	-20.978458	25.781593	56.878803	-108.82504	-29.323553	25.107162	22.473017	-84.505516	60.109024	59.225	327999	16.403255	18.520485	91.64537	-1038.2898	-18.526598	21.283169	1789.6705701351166
83	-24.43189	52.330803	43.10183	-678.95593	-18.581335	19.15079	18.242178	-60.042683	62.592155	60.5	331999	15.977577	18.09484	85.22076	-986.7622	-18.074446	21.836594	1811.7921528816223
84	-23.390648	36.564396	41.00412	-334.8332	-28.452082	31.962753	34.195732	-96.664444	61.003803	60.85	335999	15.84342	17.846128	84.94851	-967.36566	-17.940702	21.443508	1833.5699481964111
85	-22.869434	27.31224	35.26393	-119.195244	-19.89281	22.016167	20.963947	-63.964413	60.041355	59.325	339999	15.673505	17.733538	81.777054	-993.68353	-17.738089	22.254627	1855.860518693924
86	-25.147457	42.72296	41.592545	-578.40796	-21.876205	30.267464	55.884674	-93.04018	60.07143	63.325	343999	15.392947	17.43566	75.19883	-973.43115	-17.448101	24.37671	1878.0030415058136
87	-26.17126	59.801586	28.213873	-767.27594	-31.639454	24.66677	34.13364	-80.41241	60.343395	61.475	347999	15.400901	17.146935	77.02476	-739.98724	-17.437397	22.885492	1900.3755116462708
88	-22.984768	24.470978	27.315416	-102.32137	-20.64062	25.009083	18.67677	-82.514015	58.170288	56.875	351999	15.21416	17.003807	70.79251	-925.16956	-17.24709	21.991938	1922.4710295200348
89	-16.950756	37.65485	36.841446	-443.05496	-11.790555	16.52621	13.123232	-54.05632	62.87008	60.275	355999	15.380652	16.998466	71.75679	-947.21173	-17.388136	20.191687	1944.3143074512482
90	-19.756456	57.742252	35.86599	-656.6367	-5.6590943	31.204441	113.4898	-78.316315	64.50603	63.225	359999	15.261143	16.757708	71.22676	-845.3499	-17.262314	21.657286	1966.6943435668945
91	-17.151144	57.197216	358.31485	-510.759	-21.263401	72.10938	19.590714	-442.50943	61.594593	60.225	363999	15.378501	16.727716	81.94043	-1042.6443	-17.38355	22.946945	1988.9310324192047
92	-24.054163	55.68619	34.456387	-472.89023	-30.538757	72.77124	21.14233	-405.61087	59.468403	63.8	367999	15.45968	16.905752	78.255936	-844.6736	-17.463442	23.033815	2011.3804514408112
93	-20.293612	54.220387	41.017654	-597.2195	-25.460262	69.44638	32.462475	-437.8342	57.807274	62.05	371999	15.882564	17.135313	77.88419	-805.65967	-17.933157	24.734425	2033.2801623344421
94	-16.463781	28.21241	44.454945	-215.1981	-30.242615	64.38486	32.675854	-388.70584	59.83643	62.25	375999	16.354872	17.24044	112.14382	-968.57794	-18.372952	25.43163	2055.738016843796
95	-17.59422	34.158524	43.688286	-367.4957	-27.320688	25.772478	9.269106	-104.24817	60.68182	57.65	379999	16.950186	17.721466	133.74901	-906.9962	-19.032402	24.911896	2078.0096459388733
96	-22.196795	62.94699	33.3605	-703.07294	-22.268814	23.922361	24.384132	-90.118835	58.5625	60.975	383999	18.1104	18.919714	132.35675	-1062.2593	-20.284044	26.613491	2100.2527430057526
97	-21.093296	23.138088	27.11689	-84.43379	-24.794685	24.831888	22.845152	-76.63945	58.757355	63.1	387999	19.448164	20.267696	115.83865	-900.3802	-21.660582	26.585958	2122.5779707431793
98	-27.378147	49.272343	35.950455	-624.07697	-21.435562	30.640179	44.38301	-91.05969	63.517788	66.35	391999	19.807035	20.724262	107.08524	-898.42084	-21.99328	25.945824	2144.8061249256134
99	-31.739908	47.236084	39.09629	-690.269	-12.014116	24.117664	37.269367	-86.24392	56.59929	64.725	395999	19.457968	20.155458	99.53263	-935.5579	-21.60778	24.902933	2167.008076429367
100	-19.489058	24.369034	31.994911	-79.51004	-18.180683	25.835033	23.53516	-82.92687	62.30888	63.725	399999	19.085938	19.537066	81.368355	-992.48474	-21.200144	23.864079	2189.277221918106
