Epoch	AverageEpRet	StdEpRet	MaxEpRet	MinEpRet	EpLen	AverageVVals	StdVVals	MaxVVals	MinVVals	TotalEnvInteracts	LossPi	LossV	DeltaLossPi	DeltaLossV	Entropy	KL	ClipFrac	StopIter	Time
0	-1.1163504	4.2453938	7.6994066	-22.55507	25.623377	0.23860247	0.09881145	0.5575839	-0.14659551	4000	1.4901161e-08	14.227047	-0.029022366	-5.2205267	0.9189426	0.015176907	0.18724999	27.0	2.2284226417541504
1	-0.15623683	3.7358751	7.18768	-9.948799	25.464516	-1.7138203	0.2631148	-0.51624584	-2.2925038	8000	1.8626451e-09	6.616142	-0.027805109	-0.23692477	0.9160025	0.01533662	0.169	30.0	3.9466168880462646
2	0.66533834	3.9006345	10.875522	-16.704945	25.384615	-1.4745798	0.39450252	0.32190168	-2.2275496	12000	2.514571e-08	7.529499	-0.030664643	-0.46249378	0.91098714	0.015147116	0.1915	41.0	6.093554973602295
3	1.2562593	3.5919595	9.344234	-8.089236	25.025316	-1.2157124	0.6621389	1.2506267	-2.3962476	16000	1.4901161e-08	7.191477	-0.028963586	-0.6962658	0.9017695	0.0151204085	0.18725	26.0	8.24032187461853
4	2.992871	3.13658	15.135781	-5.277235	25.973684	-0.8383658	0.9531753	1.437941	-2.4783578	20000	5.6810677e-08	6.571402	-0.03817717	-1.7373023	0.89672667	0.014258301	0.24849999	79.0	10.575494527816772
5	3.8150556	3.4057226	19.482193	-6.454116	25.050955	0.31284082	1.3464862	2.677349	-2.571104	24000	-1.1175871e-08	5.955007	-0.022182398	-0.5690781	0.8862439	0.015337632	0.17549999	17.0	12.534132719039917
6	4.470177	2.8662217	11.545126	-5.2311535	26.019737	0.49684662	1.710417	3.0858927	-3.1228192	28000	1.4901161e-08	4.63937	-0.03323559	-0.45209277	0.88300836	0.01507765	0.21225	37.0	14.465760231018066
7	4.84632	4.2265086	26.23032	-4.548683	26.197369	0.8812993	1.7850322	3.5431933	-2.971229	32000	0.0	10.069401	-0.030125786	-0.82878006	0.8760302	0.015139259	0.20925	27.0	16.666780710220337
8	5.832136	3.3587127	22.097464	-3.319153	27.58042	1.4746236	1.7942861	4.2606683	-3.2902868	36000	-1.4901161e-08	6.505706	-0.036647834	-0.5577048	0.8714638	0.012365291	0.24125001	79.0	18.527958154678345
9	6.1202383	3.2647784	23.641054	-1.220842	27.22069	1.739378	2.0487893	4.64428	-4.7371864	40000	7.450581e-09	6.4146595	-0.022858078	-0.47479624	0.86599934	0.015013867	0.183	18.0	20.214470148086548
10	6.4725504	3.6063137	27.97747	-2.207542	27.567375	1.864117	2.1255405	5.033176	-3.9870825	44000	1.6763806e-08	9.661871	-0.018521493	-1.0860363	0.86290383	0.015632669	0.1385	15.0	21.89863348007202
11	7.108653	3.6244261	18.047386	-1.9829024	28.410072	2.3288784	2.0463676	5.5572643	-2.991712	48000	0.0	8.148811	-0.034012295	-0.6797724	0.8598167	0.015039466	0.21024999	59.0	23.71021342277527
12	8.944191	5.5063868	37.97053	-0.0902827	31.128	2.6892145	2.081722	5.90413	-4.062214	52000	2.2351742e-08	19.37497	-0.033444107	-3.606879	0.85361004	0.015097847	0.2125	58.0	25.53102993965149
13	9.687289	6.356443	46.55406	1.8214211	31.456	3.9760807	2.5944293	7.4735365	-4.410792	56000	-7.450581e-09	21.550072	-0.030583795	-2.8369343	0.8486317	0.015028546	0.20225	29.0	27.276496648788452
14	11.059923	7.2500997	37.831177	1.417521	33.905983	4.640749	2.8035953	8.4283495	-5.086808	60000	0.0	27.187538	-0.038930826	-4.0488687	0.8443804	0.015027384	0.2385	59.0	29.107013940811157
15	13.876241	9.131717	43.983055	0.86118793	39.65306	5.4697723	3.0031633	9.583449	-4.5861416	64000	1.1175871e-08	40.478043	-0.027903106	-7.4007826	0.83867	0.01528183	0.18425	27.0	30.819038152694702
16	15.387527	10.146938	45.340538	-0.6584647	43.7	7.3511086	3.4275749	11.209786	-8.588671	68000	2.4214387e-08	39.24951	-0.032178454	-5.8806863	0.8359578	0.015117783	0.1945	43.0	32.621342182159424
17	13.742612	8.858887	46.458473	1.7872713	38.7451	7.2249284	4.027139	12.381597	-7.1552672	72000	-1.1175871e-08	34.886604	-0.035054155	-5.5190644	0.8289248	0.015154237	0.21849999	46.0	34.399292945861816
18	20.059126	14.157658	65.10343	2.193758	54.13889	6.82392	3.583258	11.626102	-10.905291	76000	-1.4901161e-08	68.20247	-0.0242367	-15.970423	0.82262975	0.015201079	0.19025001	17.0	36.09472441673279
19	23.177986	17.0239	69.83301	3.7418265	60.369232	9.271025	4.3646812	14.668314	-8.985247	80000	-3.7252903e-09	79.28254	-0.037720427	-22.17923	0.8193704	0.0118188355	0.243	79.0	38.03179621696472
20	23.400911	13.621287	65.553375	6.150552	61.5	10.408847	6.3555436	17.709763	-12.968018	84000	0.0	52.703682	-0.033874087	-10.571137	0.8122113	0.015028449	0.214	45.0	39.81043100357056
21	30.279402	17.736347	65.184814	5.376657	76.16	10.501925	5.8816485	17.585247	-7.4167247	88000	7.450581e-09	70.591934	-0.035174064	-20.722107	0.8064305	0.012496622	0.234	79.0	41.70315098762512
22	27.13609	18.365192	96.80274	5.14149	68.625	13.27286	6.553118	19.761114	-14.064787	92000	3.7252903e-09	76.39272	-0.02052007	-17.474236	0.79945844	0.015129555	0.18675	12.0	43.34685730934143
23	29.117798	18.720728	97.194725	3.7322512	71.05556	13.3770895	5.988285	19.932875	-3.5470245	96000	1.6763806e-08	79.14134	-0.016051738	-16.914318	0.7976952	0.015525147	0.1945	13.0	44.992979764938354
24	28.501871	19.960411	92.31528	1.1956309	69.6	13.349941	6.1493316	20.476242	-9.345152	100000	-2.2351742e-08	92.81701	-0.03026539	-26.756987	0.79529566	0.015180542	0.20725	31.0	46.7171368598938
25	31.515032	19.40867	108.057365	6.6481094	76.34	12.696063	7.001074	21.130074	-11.082573	104000	-2.0489097e-08	79.24193	-0.024477204	-14.557169	0.7919021	0.015078068	0.209	20.0	48.39515209197998
26	36.909546	23.24086	106.56437	8.939675	85.434784	14.421689	6.5107417	21.18624	-7.8152695	108000	5.5879354e-09	85.88855	-0.037633263	-17.784872	0.7899803	0.014962254	0.241	79.0	50.246262073516846
27	47.057644	29.476011	157.17302	10.367142	105.111115	15.406235	7.836836	23.202063	-10.641616	112000	-9.313226e-09	105.54629	-0.02393099	-29.40616	0.7850835	0.015019491	0.204	18.0	51.91745162010193
28	34.94521	17.375998	94.88086	6.78488	81.46809	17.115562	9.356609	26.545109	-8.449067	116000	-3.7252903e-09	70.156136	-0.034268495	-21.726326	0.78201896	0.01515487	0.25825	48.0	53.69286108016968
29	37.877518	21.17625	87.071815	5.734694	86.35555	16.162325	7.409399	25.138956	-9.207592	120000	-1.4901161e-08	74.67	-0.032689527	-16.680435	0.7766496	0.015033379	0.22575	36.0	55.48826503753662
30	38.83985	23.692226	96.185905	9.7982235	89.02381	15.320705	8.172798	25.21185	-7.076919	124000	-3.7252903e-09	95.142075	-0.036981862	-25.72649	0.7739011	0.013522239	0.2495	79.0	57.40074610710144
31	41.00483	20.74792	87.92082	9.834968	91.666664	16.206713	8.644255	25.9601	-4.851385	128000	1.4901161e-08	78.11869	-0.03200403	-17.102667	0.7654718	0.015004818	0.22	28.0	59.09981179237366
32	50.501293	35.38577	166.0417	8.327693	112.0	16.141739	8.285892	25.678394	-6.9275355	132000	3.7252903e-09	123.34552	-0.024062544	-45.323116	0.7593566	0.015011916	0.2015	21.0	60.78534936904907
33	37.357925	25.124456	136.52446	6.777729	81.818184	21.505047	8.90758	28.317232	-6.0557737	136000	-7.450581e-09	119.48893	-0.018606227	-40.05137	0.75701016	0.015396096	0.168	14.0	62.48009395599365
34	51.26584	28.406652	128.99377	11.763051	110.76471	17.583046	9.149355	27.902756	-14.76335	140000	-3.3527613e-08	87.71915	-0.024375694	-28.673933	0.75577134	0.015161388	0.20275	21.0	64.37868928909302
35	48.07855	30.267855	142.3531	9.362056	102.54054	19.805082	9.733665	29.294666	-5.3007045	144000	-1.1175871e-08	92.52159	-0.033164565	-19.120121	0.75454897	0.015044654	0.23175001	44.0	66.86353349685669
36	49.81046	29.654062	119.86521	7.719476	107.030304	20.195744	9.738401	29.717722	-10.382379	148000	-1.3038516e-08	103.80974	-0.020020975	-16.060307	0.7519751	0.015791718	0.21475	12.0	69.25385093688965
37	52.304733	30.43464	136.53609	13.177067	110.40625	20.338097	10.157749	29.848522	-8.566175	152000	7.450581e-09	89.4512	-0.022949854	-19.048758	0.75118375	0.01525866	0.17875001	19.0	71.64664101600647
38	53.23035	39.62177	170.9333	6.2523293	113.52941	21.575829	10.52144	30.653246	-16.649448	156000	1.4901161e-08	115.190895	-0.029317893	-27.997393	0.7486818	0.015027913	0.226	27.0	74.07427835464478
39	54.099926	24.184214	110.018005	8.543982	112.617645	22.421759	10.091676	31.803524	-9.949453	160000	1.3038516e-08	77.364914	-0.029328145	-18.70867	0.74400616	0.015141094	0.2295	29.0	76.49132323265076
40	61.559334	38.953564	169.24467	7.452433	124.645164	21.170193	10.085407	31.342707	-13.3844795	164000	-7.450581e-09	115.090324	-0.02040993	-23.5881	0.7401875	0.015500651	0.22125	14.0	78.87348628044128
41	80.86528	53.19851	187.22151	7.171817	159.40909	22.937738	9.648865	32.729866	-4.384412	168000	-3.1664968e-08	210.24695	-0.020390637	-82.14528	0.7376174	0.015047613	0.20650001	15.0	80.79574871063232
42	82.11254	45.11765	183.77245	10.28777	160.72728	30.550407	10.1488905	36.051647	-1.4853771	172000	5.5879354e-09	149.01651	-0.038498107	-38.39399	0.73613906	0.011764671	0.26025	79.0	82.69959664344788
43	70.07547	41.065254	183.08162	11.077003	138.07692	26.386398	12.368848	36.737045	-24.618925	176000	1.1175871e-08	123.333725	-0.022324264	-22.789675	0.7331136	0.01509627	0.19	14.0	84.37906289100647
44	82.77236	62.004284	287.50098	14.43649	160.60869	25.469833	11.580174	36.834618	-0.7689092	180000	1.4901161e-08	172.88745	-0.029247232	-53.405457	0.73124444	0.015289247	0.24375	24.0	86.139413356781
45	103.20117	45.67804	183.37189	44.72314	206.9375	29.094597	10.742613	38.298424	-3.665295	184000	-1.3969839e-09	140.12079	-0.018624768	-53.79859	0.72726375	0.015451784	0.197	13.0	87.81483840942383
46	83.60365	69.72102	309.58795	11.933778	160.33333	34.518013	10.673635	40.96697	-6.561079	188000	-3.7252903e-09	212.12758	-0.040625427	-50.317863	0.72645	0.014300596	0.27875	79.0	89.84130024909973
47	91.90877	52.526424	195.67703	12.738212	175.36842	30.617813	12.01473	39.96344	-19.10282	192000	-3.7252903e-09	138.30188	-0.01878688	-23.355066	0.72003204	0.01570384	0.20699999	11.0	91.48089385032654
48	99.93676	61.05738	228.82747	27.512842	194.94118	31.443617	12.035661	40.834003	-13.11988	196000	1.4901161e-08	136.14917	-0.019772293	-33.982964	0.71870595	0.015106984	0.217	13.0	93.16370868682861
49	151.03377	148.93971	576.6396	22.12419	281.25	36.758266	10.117607	41.672493	-7.613043	200000	1.4901161e-08	183.67517	-0.037785165	-43.185555	0.71627927	0.013908725	0.28075	79.0	94.99834632873535
50	77.69735	47.479076	191.3176	10.014317	153.55	36.0685	13.107327	44.878212	-3.9493678	204000	3.7252903e-09	210.25436	-0.018549759	-56.180927	0.7133239	0.016282912	0.18425	12.0	96.65734362602234
51	132.61058	79.06336	306.22583	40.619	243.21428	35.09824	11.741009	43.85148	-2.754962	208000	2.561137e-09	140.62097	-0.022413075	-40.641563	0.71312296	0.0152315125	0.22475001	18.0	98.34512090682983
52	146.18217	103.81608	450.59702	26.370745	277.91666	35.802586	12.279201	44.728016	-2.3243103	212000	0.0	131.6121	-0.03585414	-28.096624	0.7108136	0.011950833	0.2435	79.0	100.24003386497498
53	170.52081	122.43161	450.74695	42.21302	307.55554	38.12979	11.276404	45.117706	-7.4118285	216000	-4.5634806e-08	168.56863	-0.03924821	-44.382584	0.7042118	0.015069952	0.285	78.0	102.14801239967346
54	140.74785	65.418106	244.04665	48.49658	253.0	43.013584	9.990697	46.726276	-2.0775692	220000	-7.450581e-09	159.97572	-0.02127385	-41.312546	0.6967823	0.01554261	0.21475	12.0	103.8230528831482
55	216.40776	169.11673	582.894	52.214558	387.7143	41.705505	12.859702	48.173874	-6.993724	224000	5.5879354e-09	152.11922	-0.040304314	-54.590202	0.6957613	0.01501844	0.297	53.0	105.60932230949402
56	245.92787	163.78207	585.7564	58.251995	430.2857	46.496063	10.113964	50.09796	-9.855108	228000	1.1175871e-08	122.38553	-0.019033778	-39.874256	0.689391	0.015571702	0.21225	14.0	107.2410945892334
57	269.36456	182.36731	572.32117	56.705975	469.2	49.11857	9.046943	52.012848	1.8550906	232000	-3.7252903e-09	82.06067	-0.023376979	-13.892902	0.687114	0.015052194	0.22549999	15.0	108.9124116897583
58	205.19873	125.6694	399.14865	57.12704	365.0	48.075104	12.352434	52.899113	1.4010222	236000	7.450581e-09	122.354324	-0.017993828	-27.363255	0.68432146	0.015243668	0.2085	12.0	110.56256651878357
59	330.78665	171.17117	607.3674	94.58263	553.5	49.27221	8.381894	51.982628	0.9356775	240000	0.0	132.23503	-0.014906254	-36.91487	0.6826281	0.016247287	0.23975	8.0	112.18148422241211
60	241.76883	200.15765	597.03894	54.149574	421.0	45.438137	15.312759	53.52805	0.1806705	244000	1.4901161e-08	116.95796	-0.025571553	-50.99756	0.68102163	0.015219325	0.23699999	21.0	113.87684679031372
61	444.76465	141.58723	588.6145	284.73724	766.5	52.895603	7.571563	54.880875	1.6509702	248000	-1.4901161e-08	54.594578	-0.018477056	-28.829435	0.67915505	0.01579632	0.21974999	11.0	115.51826667785645
62	593.7727	13.850794	617.07416	580.8544	1000.0	55.865658	2.3236353	56.372845	25.7475	252000	0.0	24.870615	-0.013195004	-16.76336	0.67878294	0.015398021	0.19375	10.0	117.14610242843628
63	317.75906	212.32846	615.42664	28.752958	533.0	56.745953	7.6729703	58.227272	1.9343538	256000	-1.4901161e-08	157.27974	-0.02231133	-62.829346	0.67728865	0.015209919	0.22525	18.0	118.83896589279175
64	255.03955	227.71974	609.37006	42.332123	431.7143	53.309258	11.000979	57.064533	1.401345	260000	0.0	110.783325	-0.027422057	-49.60149	0.67442745	0.015038885	0.28075	21.0	120.54748868942261
65	394.50214	205.21544	601.88666	50.90139	652.6	54.010376	8.2907505	57.036358	4.305949	264000	-4.8428774e-08	130.59756	-0.02206451	-71.98953	0.67127085	0.01511704	0.23	17.0	122.22232627868652
66	485.52478	150.87895	646.6706	287.4093	776.0	56.139473	6.1294074	57.56726	0.9174142	268000	-7.450581e-09	72.14714	-0.021137513	-15.376448	0.66939735	0.015103444	0.25275	18.0	123.94141030311584
67	434.02057	239.94696	636.21063	53.977474	701.0	57.727028	6.057305	58.91767	2.0187201	272000	1.4901161e-08	63.24286	-0.018913548	-25.796288	0.6663914	0.015335061	0.23775	15.0	125.57689189910889
68	387.87115	274.82507	632.50305	12.254721	630.6	55.93499	10.678611	59.98151	4.296232	276000	9.313226e-09	100.17252	-0.018681152	-49.57782	0.66412526	0.016325876	0.23975	10.0	127.25061678886414
69	557.5781	119.21913	632.9663	351.3181	891.0	59.942547	2.548794	60.24882	8.858772	280000	-7.450581e-09	90.5752	-0.029100452	-52.001953	0.6626943	0.009540737	0.28974998	79.0	129.2574450969696
70	450.92096	230.57024	641.75287	67.63279	719.0	59.207264	5.895447	60.524998	2.098525	284000	1.1175871e-08	73.31534	-0.034442544	-15.135993	0.65820384	0.015036182	0.29725	67.0	131.17927980422974
71	541.0594	159.29514	639.3377	265.24084	855.5	60.242424	4.330262	61.01036	4.084233	288000	1.4901161e-08	49.416115	-0.029784553	-11.324297	0.65359706	0.01506983	0.2525	40.0	132.99810194969177
72	375.69482	260.1212	645.13214	87.727196	590.75	61.059795	5.5882463	62.007534	3.820439	292000	1.4901161e-08	90.88109	-0.02290894	-35.046757	0.64546865	0.015136097	0.28625	18.0	134.67193841934204
73	486.79047	257.23685	643.8585	41.42794	769.0	60.46642	6.469651	61.92245	3.7328641	296000	-7.450581e-09	33.783295	-0.022027578	-18.467976	0.6439159	0.015014691	0.20125	21.0	136.3351287841797
74	582.17303	83.80531	641.1366	437.47156	923.5	62.28454	3.9707227	62.930687	4.903186	300000	1.4901161e-08	43.221394	-0.01596459	-5.5792575	0.6428056	0.015372979	0.222	13.0	137.96623635292053
75	643.06635	5.2748685	649.1417	636.8576	1000.0	62.320858	0.87563926	62.52818	43.412243	304000	-1.1175871e-08	8.368134	-0.02325213	-4.069043	0.64129376	0.015819442	0.203	14.0	139.62916731834412
76	643.2284	18.983803	665.0916	613.8009	985.75	63.395267	3.7283902	63.747616	7.5533943	308000	5.5879354e-09	36.531033	-0.031463224	-16.812708	0.63701075	0.010269712	0.24700001	79.0	141.55855894088745
77	653.9612	3.2039332	658.0427	649.05853	1000.0	63.820797	2.4752815	64.24906	17.44671	312000	2.7939677e-09	11.489116	-0.020597069	-8.38168	0.6286083	0.015472407	0.204	20.0	143.2010633945465
78	645.64307	8.452256	656.4	636.5122	1000.0	64.73947	2.6497896	65.02824	16.12426	316000	1.8626451e-08	10.981664	-0.01836044	-5.6464705	0.62460834	0.015617462	0.21925	13.0	144.81054735183716
79	653.6047	0.639266	654.56134	652.7976	1000.0	64.88677	0.48120347	64.93178	53.00585	320000	5.5879354e-09	4.8958006	-0.021656878	-0.826086	0.6214142	0.01547588	0.18475	13.0	146.45002126693726
80	670.9842	4.38284	678.027	666.03296	1000.0	65.4811	0.011170826	65.48216	64.88215	324000	-2.2351742e-08	7.169453	-0.037991717	-1.9843647	0.6171496	0.015074321	0.25300002	46.0	148.21709179878235
81	675.027	2.8275945	679.28296	671.471	1000.0	66.557526	0.69693655	66.589806	43.55958	328000	3.7252903e-09	10.114109	-0.024390394	-0.3555901	0.6029697	0.015129581	0.226	16.0	149.86446928977966
82	670.99976	5.7659736	680.35236	665.95	1000.0	67.00617	0.007894094	67.00737	66.664154	332000	7.450581e-09	5.384984	-0.020919852	-0.040875435	0.599563	0.015027139	0.19	15.0	151.49062991142273
83	427.78387	263.95526	689.7771	64.19269	625.4	66.55414	5.4248023	67.17469	2.5769317	336000	-5.029142e-08	136.28911	-0.015522463	-88.56789	0.5957047	0.015495514	0.23975	9.0	153.11543774604797
84	513.9067	286.83673	691.5744	17.267908	758.25	66.0587	3.5243452	66.69317	10.588402	340000	3.7252903e-09	34.11995	-0.012700513	-11.775822	0.5941939	0.015390706	0.16525	8.0	154.73982167243958
85	598.08093	149.4113	685.092	339.2948	877.75	66.90425	2.8529227	67.23941	14.461595	344000	-3.7252903e-09	61.44451	-0.017380951	-21.769983	0.5928889	0.015887138	0.2485	13.0	156.45390510559082
86	683.2886	2.8703153	686.467	678.8024	1000.0	66.68839	0.70536244	66.741585	39.059048	348000	5.029142e-08	7.5492115	-0.016620014	-2.8035855	0.59041107	0.016068535	0.20199999	9.0	158.09069395065308
87	679.85315	12.083047	697.8323	663.76056	1000.0	67.84867	1.7842208	67.98054	27.427794	352000	-2.4214387e-08	7.383877	-0.03242974	-3.026528	0.58820343	0.015010772	0.27375	66.0	159.94308948516846
88	683.6621	3.6669784	689.32526	680.1326	1000.0	68.10858	0.08827982	68.120605	64.420715	356000	0.0	2.7097464	-0.023210324	-0.06213969	0.57846564	0.015596224	0.18775	16.0	161.59186959266663
89	653.5513	63.759945	694.9326	543.28143	945.0	68.31545	0.01579743	68.31992	67.98171	360000	-7.450581e-09	66.9116	-0.02529018	-1.0023656	0.5754717	0.01008728	0.23525	79.0	163.46795129776
90	657.67017	57.18738	699.8553	559.1602	950.75	66.25247	6.7176433	67.46554	9.970427	364000	1.8626451e-09	45.643818	-0.019990763	-17.406929	0.57167107	0.015406758	0.26450002	16.0	165.11580801010132
91	694.6553	9.516638	709.5167	682.9971	1000.0	67.45105	1.108031	67.67483	36.37982	368000	-4.4703484e-08	7.9267945	-0.014181476	-4.451087	0.5701243	0.016053513	0.1875	8.0	166.74799823760986
92	649.1396	73.75956	700.2928	522.23004	940.25	68.11103	6.8975487	69.13232	-3.7305186	372000	2.2351742e-08	17.713326	-0.019647624	-4.888402	0.5687005	0.015239675	0.22524999	12.0	168.37890124320984
93	699.4247	5.9087896	706.6518	690.24005	1000.0	68.63222	1.182549	68.843	35.14506	376000	1.1175871e-08	6.90232	-0.0352415	-2.7288165	0.56598496	0.0150662325	0.26375002	53.0	170.18694829940796
94	695.91925	10.465123	710.7958	684.9062	1000.0	69.72185	0.13944231	69.744064	65.81927	380000	1.8626451e-08	5.2211304	-0.024235776	-0.004222989	0.5564307	0.015390692	0.17675	16.0	171.8792223930359
95	708.1142	10.32018	725.81555	700.6244	1000.0	69.7363	0.06020673	69.74899	68.50824	384000	1.8626451e-08	5.421686	-0.021645501	-1.053107	0.55215627	0.01561705	0.19974999	13.0	173.52996397018433
96	719.0187	4.041919	724.7529	713.58575	1000.0	70.65322	0.05007452	70.66448	69.4788	388000	-8.381903e-09	4.39137	-0.04137174	-1.3011669	0.54762024	0.014812116	0.2605	79.0	175.41373109817505
97	707.47095	4.662471	712.77576	701.3383	1000.0	71.68585	0.035155855	71.69252	70.773	392000	2.4214387e-08	3.178931	-0.030127235	-0.37594748	0.54114693	0.015308054	0.25725	18.0	177.06895065307617
98	713.16473	6.2231765	720.89636	706.70374	1000.0	71.12645	0.16401722	71.142555	64.60557	396000	-1.1175871e-08	3.380259	-0.028430637	-0.12264413	0.5381541	0.015472454	0.231	19.0	178.77992606163025
99	720.554	8.628847	729.1636	708.8224	1000.0	71.40069	0.29983953	71.43235	63.287666	400000	1.4901161e-08	4.480645	-0.026576156	-0.53150827	0.5326101	0.015107414	0.22675	18.0	180.46102666854858
100	548.1833	309.2177	738.1389	12.742115	756.5	72.04294	0.13659234	72.050545	63.965286	404000	1.1175871e-08	32.75238	-0.0129182	-12.355068	0.52568275	0.015165371	0.2755	12.0	182.1701009273529
101	636.40564	170.50145	743.2531	341.25208	868.25	71.76923	4.6857915	72.3693	5.733607	408000	-9.313226e-09	55.199284	-0.013674536	-38.90242	0.5236199	0.01594587	0.21599999	9.0	183.85902976989746
102	718.7342	9.951614	726.4161	701.7784	1000.0	72.75107	0.114304736	72.77131	69.0537	412000	-1.1175871e-08	5.122567	-0.02199806	-0.48320693	0.52354354	0.015348949	0.19225	13.0	185.49652457237244
103	737.2084	14.839263	758.8192	717.2373	1000.0	71.65705	4.303588	72.11612	12.675659	416000	-1.8626451e-08	29.976677	-0.014068021	-25.660028	0.5218201	0.015981462	0.19225	8.0	187.13045167922974
104	560.32996	313.12604	751.64996	18.191467	757.25	73.652435	0.010853642	73.656166	73.36592	420000	1.8626451e-08	37.07776	-0.011583167	-0.0030827522	0.52024835	0.015556126	0.2245	10.0	188.81131672859192
105	733.9249	8.555223	743.7567	720.56476	1000.0	73.62023	0.057341892	73.627464	71.256905	424000	-3.7252903e-09	4.055239	-0.01919309	-0.028488338	0.51856405	0.016785938	0.18474999	9.0	190.48974895477295
106	730.4431	5.987611	740.025	723.5237	1000.0	73.46265	0.023467897	73.4672	72.63396	428000	-3.7252903e-09	5.196219	-0.021360444	-0.13951975	0.51601076	0.016184494	0.23925	12.0	192.1302192211151
107	557.03906	312.44272	738.8943	15.875825	756.5	73.10324	0.016455106	73.10631	72.21349	432000	1.1175871e-08	33.80361	-0.0106561445	-2.550542	0.5108611	0.015558868	0.2195	9.0	193.76483368873596
108	733.50806	6.018376	742.7653	727.08124	1000.0	73.72758	0.357577	73.75775	60.188435	436000	1.4901161e-08	3.87992	-0.022374565	-0.12876645	0.50807136	0.015679616	0.21275	15.0	195.4249792098999
109	748.06586	6.9982758	758.7772	740.1725	1000.0	73.54218	0.34234712	73.57031	60.622574	440000	-7.450581e-09	4.7046657	-0.021699786	-1.5025004	0.5046259	0.016436312	0.2085	13.0	197.11562418937683
110	741.38904	1.4446707	742.9915	739.0543	1000.0	74.68926	0.06693813	74.70018	72.91644	444000	2.7939677e-09	3.8822768	-0.037005257	-0.2622171	0.5013808	0.0150080165	0.25225002	62.0	198.95715737342834
111	747.97107	7.115384	755.8701	736.5151	1000.0	74.20594	0.012549552	74.20935	73.865944	448000	-7.450581e-09	3.969417	-0.037142254	-0.5906012	0.49314004	0.015007794	0.24225	54.0	200.73670148849487
112	745.81866	5.6492224	750.3278	736.405	1000.0	74.963936	0.023532305	74.96853	74.23834	452000	1.4901161e-08	3.7756796	-0.03204289	-0.1518293	0.48572427	0.015103818	0.25725	26.0	202.50977420806885
113	473.07938	297.14008	752.1488	37.164776	639.0	73.9422	6.000894	74.58176	2.068901	456000	7.450581e-09	86.0184	-0.01633414	-42.802322	0.4806795	0.016224679	0.2225	8.0	204.13351249694824
114	762.92053	5.3507743	772.07605	758.8191	1000.0	73.570305	0.93135923	73.64281	41.053974	460000	-1.4901161e-08	10.379397	-0.033071633	-7.177284	0.4793903	0.013035429	0.255	79.0	206.03805232048035
115	758.9974	8.616419	772.26263	750.51154	1000.0	75.91122	0.11274841	75.917854	70.75955	464000	-3.7252903e-08	3.8164313	-0.022929966	-0.012739241	0.4705432	0.01510773	0.241	13.0	207.67763471603394
116	582.0168	326.94962	773.2961	15.730275	756.75	75.97976	0.040664434	75.9853	74.36786	468000	-7.450581e-09	36.537636	-0.011671286	-0.17390054	0.4690752	0.015244241	0.23625	8.0	209.31984090805054
117	761.40906	5.0836463	770.06256	757.1303	1000.0	76.37622	0.07969	76.38467	73.56633	472000	-1.3038516e-08	10.455293	-0.015553065	-0.90828675	0.46825033	0.015397517	0.25274998	11.0	210.9544711112976
118	764.90375	7.369853	773.9027	754.0675	1000.0	75.6689	0.29458773	75.69222	63.991974	476000	2.9802322e-08	4.223192	-0.019792791	-1.0619471	0.46680593	0.016896855	0.22225	10.0	212.61378574371338
119	590.4777	322.91333	782.45886	31.283817	760.25	76.4897	2.2884977	76.64314	24.269257	480000	3.3527613e-08	31.692276	-0.016139623	-12.603928	0.46497372	0.01582286	0.2475	12.0	214.29585719108582
120	764.4152	8.971472	778.5319	753.6579	1000.0	77.23495	0.26005247	77.26239	66.72157	484000	1.4901161e-08	4.334502	-0.015035057	-0.4145826	0.4627504	0.015811488	0.19125	7.0	215.93929409980774
121	770.56635	7.3408327	782.71857	762.9901	1000.0	76.54038	1.6400623	76.65623	29.450214	488000	1.1175871e-08	6.941311	-0.0075302916	-2.9395127	0.46113494	0.015776403	0.25300002	7.0	217.60082173347473
122	771.1161	7.2412124	778.0751	760.6018	1000.0	77.06128	0.28254417	77.08478	66.78943	492000	-1.4901161e-08	3.0214748	-0.023940478	-0.09156537	0.45953515	0.015036361	0.23075	15.0	219.30500268936157
123	777.6002	7.8375287	789.331	769.2557	1000.0	77.18263	0.018932227	77.186295	76.57826	496000	-1.3038516e-08	4.370308	-0.023600673	-0.35946217	0.4563864	0.015447274	0.204	17.0	220.95468997955322
124	784.22955	3.1191103	788.3787	779.88446	1000.0	77.78329	0.050838504	77.78813	75.32553	500000	-1.1175871e-08	3.502251	-0.019750096	-0.33205616	0.45217496	0.015648764	0.21525	11.0	222.61746954917908
125	788.7032	7.807486	800.0542	778.8244	1000.0	78.3455	0.2945171	78.3612	62.640556	504000	9.313226e-10	4.5520406	-0.022609167	-0.6230207	0.44917676	0.015112333	0.23725	16.0	224.28265070915222
126	792.8353	6.986564	801.9576	782.3601	1000.0	79.08583	0.031462565	79.089096	77.8426	508000	-7.450581e-09	4.647948	-0.023642022	-0.29251468	0.44408077	0.016324008	0.2155	12.0	225.93380618095398
127	593.68	333.76193	791.6235	15.689747	756.75	79.55466	2.0115898	79.63363	10.156484	512000	0.0	33.011326	-0.01291929	-12.769094	0.43958822	0.015906977	0.23575	11.0	227.65368628501892
128	596.0626	332.8407	792.2707	19.582407	757.5	78.37982	1.9452584	78.498184	8.959083	516000	-1.8626451e-08	32.028767	-0.012817744	-17.892666	0.43655327	0.015087326	0.1915	7.0	229.27967429161072
129	789.6582	5.716635	799.4356	785.0338	1000.0	79.056725	2.6872149	79.282135	6.666089	520000	-7.450581e-09	10.264445	-0.009919204	-7.0501666	0.4353435	0.015123873	0.16999999	7.0	230.8988115787506
130	790.5414	4.6342974	796.384	783.5843	1000.0	79.19802	0.09055579	79.20422	76.11136	524000	5.5879354e-09	3.441788	-0.03808141	-0.010673881	0.43400642	0.015059918	0.25975	72.0	232.7627718448639
131	800.86053	5.4625454	809.2816	794.08905	1000.0	79.18094	0.17358682	79.18787	69.09302	528000	2.2351742e-08	3.9459991	-0.015149076	-0.87847304	0.42550707	0.015843626	0.16475	7.0	234.41461372375488
132	795.9984	7.8570986	808.873	787.7271	1000.0	80.126076	0.023562351	80.12825	78.831154	532000	2.2351742e-08	4.5342627	-0.03509724	-0.28872705	0.42442766	0.015087331	0.24425	40.0	236.1491732597351
133	800.4724	7.500094	809.5443	789.69037	1000.0	79.58043	0.012387452	79.582	79.08241	536000	-5.5879354e-09	3.9482675	-0.024594305	-0.3271397	0.4169971	0.015429108	0.22925	17.0	237.81974744796753
134	798.84485	1.0404261	799.7943	797.1154	1000.0	80.162964	0.028420595	80.16544	78.83723	540000	1.8626451e-09	3.5001912	-0.017246503	-0.07490474	0.4120485	0.015582461	0.178	8.0	239.48311376571655
135	807.20685	4.1737747	813.48114	801.85144	1000.0	79.883766	0.033547387	79.886604	78.776665	544000	2.0489097e-08	2.985401	-0.022425003	-0.6647513	0.40890405	0.015140936	0.21700001	14.0	241.142737865448
136	811.46295	1.571451	812.49603	808.7455	1000.0	80.70742	0.13382372	80.716965	75.26514	548000	-1.3038516e-08	2.7339153	-0.025585487	-0.41294986	0.40373328	0.015571969	0.19375	19.0	242.8285984992981
137	637.7883	298.41434	817.5701	120.98538	790.0	81.28886	1.4275111	81.3591	12.858471	552000	-7.450581e-09	85.30325	-0.012740478	-49.887634	0.3997017	0.015203027	0.23825	7.0	244.44663405418396
138	812.9492	4.3486476	818.716	807.4473	1000.0	79.45123	4.8826327	80.06826	4.9461536	556000	1.2572855e-08	32.447742	-0.011555171	-29.174438	0.39870366	0.016208919	0.19749999	8.0	246.0906376838684
139	612.5373	337.85983	810.5321	27.356073	759.75	81.09035	0.054416474	81.10247	80.06246	560000	-1.1175871e-08	51.571175	-0.011874881	-1.2881484	0.39776334	0.017647339	0.27100003	6.0	247.76932454109192
140	806.9332	4.493806	813.37726	801.9873	1000.0	79.9489	0.06182761	79.957085	77.88061	564000	-1.4901161e-08	4.2246547	-0.01782478	-0.64527106	0.39730388	0.01513085	0.18349999	9.0	249.3954644203186
141	813.1522	5.112133	821.33307	808.17535	1000.0	80.7571	0.010625458	80.759735	80.4917	568000	-7.450581e-09	3.4179583	-0.01683556	-0.4280086	0.395603	0.015225928	0.23425001	12.0	251.0354940891266
142	802.9391	9.254313	816.22253	793.841	1000.0	81.41959	0.009620738	81.421684	81.10945	572000	-1.4901161e-08	3.19648	-0.016232267	-0.5788444	0.39300862	0.015127854	0.13575	8.0	252.66355919837952
143	813.1266	9.956792	826.6921	799.575	1000.0	80.64733	0.006222408	80.6495	80.54363	576000	-2.9802322e-08	4.9175034	-0.01888067	-0.6559683	0.3914236	0.015056368	0.19325	9.0	254.2936770915985
144	809.41113	5.7220974	818.13525	802.07214	1000.0	81.469154	0.009225849	81.47188	81.24835	580000	-3.7252903e-09	3.300621	-0.012758142	-0.12138015	0.38944262	0.016483959	0.22175	6.0	256.0328085422516
145	823.6805	2.2362986	826.5211	820.48535	1000.0	81.11505	0.013584457	81.1177	80.62437	584000	3.7252903e-09	4.677219	-0.021015253	-1.4533451	0.3877826	0.016422749	0.20825	12.0	257.68897771835327
146	823.6868	7.8507905	832.939	811.5538	1000.0	82.33972	0.0057030963	82.34154	82.207954	588000	-1.1175871e-08	2.9739187	-0.02078906	-0.0008112788	0.38429984	0.015962906	0.175	10.0	259.301965713501
147	819.20844	3.6680305	824.5834	814.22516	1000.0	82.36587	0.01804053	82.36873	81.74674	592000	-2.7939677e-08	3.4186282	-0.04159356	-0.05641377	0.3812896	0.0140681015	0.28	79.0	261.2252199649811
148	820.6067	8.385506	834.345	813.6475	1000.0	82.129234	0.015288796	82.13215	81.43368	596000	4.4703484e-08	3.848512	-0.024170317	-0.005941689	0.3678424	0.015740905	0.21900001	16.0	262.87689185142517
149	831.42975	10.338976	841.59644	817.8875	1000.0	82.20404	0.014180793	82.207596	81.86673	600000	-1.1175871e-08	4.059907	-0.029258966	-0.87280536	0.36455396	0.015100151	0.20925	31.0	264.62425994873047
150	826.23096	5.5157747	833.59186	818.4794	1000.0	83.15785	0.01919655	83.16106	82.29268	604000	8.381903e-09	3.1578078	-0.019678906	-0.19838065	0.35972694	0.017053926	0.20324999	10.0	266.24761390686035
151	824.06824	10.351084	840.47253	812.32477	1000.0	82.703705	0.0100301895	82.70686	82.43735	608000	-3.7252903e-08	3.732277	-0.019509863	-0.045502037	0.35839856	0.015629532	0.21575001	14.0	267.9163100719452
152	645.92346	326.1574	842.7775	81.08291	777.75	81.73741	6.5969934	82.48907	7.5544853	612000	-3.7252903e-08	31.790451	-0.012149189	-21.046766	0.3553698	0.015274767	0.1875	6.0	269.53264260292053
153	833.2824	7.449461	842.3911	822.18677	1000.0	82.99363	1.3185105	83.174194	45.035355	616000	-2.2351742e-08	5.3002787	-0.01324291	-1.7908096	0.354234	0.016496534	0.19375001	8.0	271.1584372520447
154	832.6568	4.2975802	838.8519	828.01776	1000.0	83.26301	0.10462668	83.27393	79.60653	620000	-7.450581e-09	2.2813246	-0.023136398	-0.014193982	0.3523484	0.015220453	0.21775	15.0	272.8272762298584
155	835.6435	3.9250739	838.7807	828.91693	1000.0	83.385925	0.028632225	83.38806	82.38597	624000	0.0	3.5090342	-0.02199064	-0.089561045	0.34844872	0.015840936	0.22325	14.0	274.4825527667999
156	842.66504	6.4161534	849.58575	832.3051	1000.0	83.68494	0.0125848185	83.687004	83.38846	628000	-1.4901161e-08	3.911378	-0.029853709	-0.29413176	0.34489527	0.0152301015	0.24425	34.0	276.2223291397095
157	845.2573	9.353608	854.3935	830.31274	1000.0	84.23208	0.05057736	84.236206	82.46007	632000	1.3038516e-08	3.445055	-0.022126596	-0.13558882	0.338486	0.015287194	0.20574999	14.0	277.8889651298523
158	844.8552	9.568722	860.27203	835.22565	1000.0	84.606705	0.018015293	84.60947	84.158905	636000	2.9802322e-08	2.5600612	-0.01837953	-0.00017213821	0.33538836	0.016558558	0.2225	10.0	279.563702583313
159	846.84564	3.2133908	850.2306	842.7734	1000.0	84.59819	0.0026609355	84.59887	84.52899	640000	-1.1175871e-08	2.4855275	-0.02319359	-0.012480199	0.33269498	0.01561417	0.25625	15.0	281.22844195365906
160	852.15857	12.646684	864.92163	834.1769	1000.0	84.71061	0.0075660553	84.71144	84.458145	644000	1.4901161e-08	5.018887	-0.041433074	-0.63306284	0.3300706	0.013045648	0.2865	79.0	283.12665009498596
161	850.5494	7.8689733	863.9397	843.7535	1000.0	85.511284	0.06350862	85.51423	82.62307	648000	-1.4901161e-08	3.4193869	-0.02008786	-0.12481606	0.31795934	0.015665175	0.20975	11.0	284.7661578655243
162	856.5692	8.282652	864.92786	844.6282	1000.0	85.16742	0.0010615486	85.167816	85.14761	652000	0.0	3.315732	-0.02093623	-0.37024096	0.3169411	0.016486509	0.2305	13.0	286.419025182724
163	856.7899	4.9406805	865.1627	852.66296	1000.0	85.77894	0.0052152453	85.779755	85.57875	656000	7.450581e-09	2.3795	-0.016604254	-0.00974533	0.31383342	0.015142385	0.18725	8.0	288.0454294681549
164	852.1161	8.883071	858.9585	836.9394	1000.0	85.87572	0.035651192	85.878685	84.8367	660000	0.0	3.4497304	-0.0155077325	-0.1709286	0.31157666	0.015052445	0.16925001	11.0	289.7163827419281
165	858.2564	2.8496652	862.5196	854.58655	1000.0	85.48039	0.02401979	85.48291	84.49191	664000	-4.656613e-09	2.9549253	-0.019635763	-0.20033014	0.30891708	0.015452106	0.1925	13.0	291.41728830337524
166	851.98035	10.014578	862.4898	835.5113	1000.0	85.92781	0.014174184	85.92962	85.38566	668000	1.4901161e-08	4.127786	-0.022108749	-0.32577333	0.30532667	0.015045011	0.20525	15.0	293.05437445640564
167	860.93884	2.7114503	864.3421	856.86536	1000.0	85.35656	0.05031059	85.360756	83.23311	672000	1.0360964e-08	3.7676418	-0.02261879	-0.9294607	0.30207416	0.01507962	0.22275001	15.0	294.71125292778015
168	858.47437	5.9866395	866.3403	850.3019	1000.0	86.29601	0.24786516	86.31357	73.822044	676000	2.2351742e-08	2.7906609	-0.025176585	-0.15743273	0.29955968	0.015247035	0.25375	15.0	296.36946511268616
169	862.9811	5.1377273	871.3349	857.62225	1000.0	86.02231	0.012775098	86.0243	85.637596	680000	-3.7252903e-08	3.284064	-0.021496966	-0.06511247	0.29604197	0.015530497	0.241	14.0	298.0159854888916
170	869.1265	7.574459	880.46136	861.48773	1000.0	86.276794	0.006453603	86.27793	86.02626	684000	7.450581e-09	3.5076036	-0.022727396	-0.56177527	0.29195178	0.015490967	0.23050001	16.0	299.7144989967346
171	865.7799	10.319642	873.01337	848.0237	1000.0	87.0241	0.010311459	87.02569	86.785576	688000	-7.450581e-09	3.157117	-0.016916092	-0.092152774	0.2877658	0.015590808	0.15349999	10.0	301.3925940990448
172	869.91833	3.6856318	875.18335	864.9755	1000.0	86.72258	0.00618606	86.723694	86.516815	692000	1.1175871e-08	2.323986	-0.017389044	-0.16481772	0.28512487	0.016168887	0.178	9.0	303.01228523254395
173	870.86487	8.18801	881.5678	861.9348	1000.0	87.075485	0.5906685	87.127	69.6537	696000	0.0	2.4076228	-0.01966753	-0.35791427	0.28222325	0.015096029	0.20675	15.0	304.68718695640564
174	874.0971	7.1121216	880.99414	862.2265	1000.0	87.255844	0.012464507	87.25694	86.936935	700000	1.4901161e-08	2.8511062	-0.01879452	-0.067211926	0.27832863	0.016214129	0.18325001	11.0	306.38434743881226
175	875.08746	8.668866	889.18536	865.5201	1000.0	87.51275	0.001968236	87.51298	87.432175	704000	1.4901161e-08	2.618648	-0.026987813	-0.010274231	0.27596343	0.015489072	0.2715	17.0	308.06674575805664
176	877.61566	14.182963	891.60126	857.65204	1000.0	87.61234	0.005241504	87.6129	87.472275	708000	3.3527613e-08	4.8685236	-0.018698696	-0.21683973	0.27214134	0.015569184	0.183	9.0	309.70004630088806
177	879.47015	5.4470243	886.4491	871.3316	1000.0	88.07043	0.001356371	88.070625	88.016624	712000	1.8626451e-08	2.5487814	-0.02377532	2.503395e-06	0.26996726	0.015331956	0.2075	19.0	311.3862793445587
178	879.73145	10.314841	892.318	869.0891	1000.0	88.07149	0.004866335	88.071754	87.78567	716000	4.0978193e-08	3.6550164	-0.041601893	-0.019872755	0.26448992	0.012454873	0.29299998	79.0	313.272362947464
179	882.2516	7.642014	892.6841	871.30164	1000.0	87.93314	0.0036154995	87.93346	87.74872	720000	8.381903e-09	3.3498511	-0.022578238	-0.22988036	0.25553727	0.015676148	0.222	15.0	314.95367908477783
180	891.9122	11.95741	910.035	877.5303	1000.0	88.40475	0.0012060747	88.40491	88.33908	724000	7.450581e-09	4.000853	-0.014730141	-0.6292411	0.25304762	0.015098214	0.19125	7.0	316.62926745414734
181	884.7227	2.8211143	889.3472	882.2281	1000.0	89.185425	0.003910607	89.18593	89.09821	728000	-1.5832484e-08	2.8950317	-0.021140246	-0.11621195	0.2516794	0.015168989	0.21775	13.0	318.2984080314636
182	895.5503	5.9710984	903.8242	886.95856	1000.0	88.85049	0.0017916049	88.850655	88.76039	732000	7.450581e-09	3.7866619	-0.02430337	-0.5585875	0.24916154	0.017085303	0.2495	14.0	319.99656677246094
183	895.7721	5.93857	905.83167	890.4013	1000.0	89.586685	0.0009660774	89.58686	89.54357	736000	2.9802322e-08	2.696681	-0.01842842	-0.011783838	0.24680167	0.015547874	0.20725	9.0	321.74445033073425
184	889.9779	8.734744	897.58	875.15045	1000.0	89.693436	0.0015071552	89.69365	89.634834	740000	3.3527613e-08	2.705082	-0.023356276	-0.17705274	0.2452601	0.015150132	0.20875	18.0	323.4934501647949
185	903.32166	3.2082133	907.6926	898.64294	1000.0	89.279366	0.0051289066	89.27982	89.0289	744000	-3.3527613e-08	3.2141726	-0.020609876	-1.2126261	0.24069871	0.015449866	0.21474999	12.0	325.1743700504303
186	895.8275	4.482858	902.9081	890.46356	1000.0	90.36812	0.00036171539	90.36822	90.35995	748000	2.7939677e-09	3.2005289	-0.020737411	-0.2577818	0.23719653	0.015602981	0.21225001	13.0	326.89197611808777
187	895.00085	7.6173615	907.59625	887.3464	1000.0	89.86647	0.0009487947	89.86664	89.83978	752000	-2.9802322e-08	2.2998314	-0.019621365	-0.025125593	0.23324683	0.015153239	0.24825001	14.0	328.6801812648773
188	895.97003	11.057737	911.7082	884.5645	1000.0	89.70991	0.0059954915	89.71038	89.44109	756000	-2.9802322e-08	3.024696	-0.021451008	-0.025472522	0.23046067	0.015367696	0.22125	15.0	330.4581265449524
189	906.1758	9.270048	921.5743	898.6614	1000.0	89.86533	0.0021302686	89.8656	89.80348	760000	4.4703484e-08	3.0627093	-0.021483526	-0.67947567	0.22792378	0.015319241	0.22625	14.0	332.13530349731445
190	898.66565	6.6148148	906.3145	888.09235	1000.0	90.67581	0.03568672	90.67892	89.5551	764000	-7.450581e-09	3.8367143	-0.023877839	-0.7007349	0.22393231	0.015334077	0.22625	16.0	333.86208724975586
191	903.707	13.128389	923.15094	888.03265	1000.0	90.14031	0.057017315	90.152794	88.087845	768000	0.0	3.6569645	-0.021514097	-0.21449617	0.21931632	0.015630445	0.18675	9.0	335.51704573631287
192	901.1144	6.3691654	908.90466	894.157	1000.0	90.59238	0.07455987	90.60841	88.73653	772000	1.4901161e-08	2.5798488	-0.014538493	-0.09226677	0.21670517	0.015532246	0.204	9.0	337.18222761154175
193	898.5386	8.995904	907.8959	884.37555	1000.0	90.30922	0.06514239	90.32283	88.35707	776000	0.0	3.1110225	-0.02263058	-0.048388183	0.21426497	0.015107626	0.212	15.0	338.9002306461334
194	907.46106	11.52166	924.0886	892.69257	1000.0	90.09843	0.15748665	90.13059	86.793915	780000	-1.4901161e-08	4.458723	-0.029719446	-0.54849327	0.21045184	0.015073323	0.222	30.0	340.63935136795044
195	907.20874	5.135992	913.8313	902.039	1000.0	90.810936	0.14095837	90.85175	88.95751	784000	-1.4901161e-08	2.4198432	-0.029317703	-0.035853177	0.20453373	0.015025601	0.2155	30.0	342.4059729576111
196	907.8127	5.237927	915.8531	901.43555	1000.0	90.877884	0.08551823	90.90918	89.12129	788000	-4.4703484e-08	2.149807	-0.022549953	-0.044356793	0.20066826	0.015393182	0.21875	15.0	344.137001991272
197	910.4442	5.8895445	915.9555	901.46497	1000.0	91.05305	0.02428231	91.05975	90.61171	792000	1.3038516e-08	2.1162207	-0.02951485	-0.060929358	0.19863656	0.015217331	0.20975	30.0	345.9542565345764
198	912.29517	5.907367	920.387	905.0629	1000.0	91.135826	0.1435371	91.187515	88.22713	796000	-3.7252903e-09	2.737721	-0.018283937	-0.04572609	0.19095883	0.015244029	0.20574999	11.0	347.67724561691284
199	918.7713	4.49752	922.8162	911.8795	1000.0	91.27194	0.21401794	91.29207	82.62574	800000	2.2351742e-08	3.394145	-0.023447772	-0.38136736	0.18844166	0.015241308	0.22475	18.0	349.44415950775146
200	916.8484	7.5191116	924.79767	907.36017	1000.0	91.872955	0.005125909	91.87571	91.75233	804000	1.4901161e-08	4.113958	-0.01922544	-0.010046631	0.18423378	0.016275171	0.18975	11.0	351.48576378822327
201	913.6002	3.6069798	919.7896	910.81934	1000.0	91.77566	0.004090637	91.77828	91.71435	808000	2.2351742e-08	2.1591105	-0.022999898	-0.056575805	0.181453	0.015092279	0.23725	15.0	353.59765696525574
202	920.3442	2.6407497	923.43304	916.7281	1000.0	91.533	0.06688535	91.54398	89.2668	812000	-1.8626451e-09	2.3272336	-0.019060453	-0.2985953	0.1775308	0.015208595	0.21575	12.0	355.76750683784485
203	920.89453	5.980121	930.9279	915.5936	1000.0	92.06968	0.016301923	92.07314	91.69386	816000	-2.9802322e-08	2.011611	-0.020975174	-0.065062016	0.17495716	0.01575813	0.2055	15.0	358.10814666748047
204	922.15674	8.665198	930.5568	910.07544	1000.0	92.279175	0.15090092	92.305534	88.25833	820000	1.4901161e-08	3.1463428	-0.020975731	-0.020498514	0.17256849	0.015247674	0.2095	13.0	359.77156162261963
205	924.68616	9.113435	933.4584	910.1263	1000.0	92.30549	0.39429855	92.36417	82.43577	824000	4.1909516e-08	4.1160746	-0.020223483	-0.63453007	0.17028986	0.015295847	0.22150001	12.0	361.39654564857483
206	918.3961	7.2279196	926.7199	906.8302	1000.0	92.37268	0.6998573	92.69458	82.72623	828000	-3.7252903e-09	3.994149	-0.020978048	-0.5606832	0.16826935	0.015971243	0.15724999	11.0	363.0458309650421
207	922.3593	4.190645	927.8407	916.547	1000.0	91.654686	0.8807406	92.36518	85.826675	832000	1.4901161e-08	3.868835	-0.024499472	-0.8469537	0.16661604	0.015466191	0.23225	16.0	364.7015573978424
208	925.6521	7.306802	937.986	919.6587	1000.0	92.35881	0.026009485	92.379745	91.870636	836000	-7.450581e-09	2.5732493	-0.013664553	-0.099843204	0.16465543	0.015763205	0.202	10.0	366.33419394493103
209	929.7865	3.6681645	934.1395	924.16327	1000.0	92.663734	0.038724132	92.69279	92.06339	840000	5.5879354e-09	2.4708874	-0.020937927	-0.23632947	0.16333851	0.015201488	0.254	13.0	367.98649072647095
210	925.05145	3.7521038	931.2525	922.0399	1000.0	92.883865	0.3623667	93.28084	90.29251	844000	-3.7252903e-09	1.8109157	-0.019467274	-0.17728505	0.1619049	0.015658757	0.20449999	12.0	369.64053416252136
211	928.25684	4.8246584	934.18896	922.3896	1000.0	92.61371	0.14828174	92.817116	91.544014	848000	-3.7252903e-09	3.3152568	-0.020568818	-0.12250459	0.16036367	0.01557527	0.21075	14.0	371.29270339012146
212	728.4946	347.96082	933.7231	125.82634	785.0	92.905815	0.020292982	92.93294	92.701805	852000	1.8626451e-08	108.63298	-0.008259352	-3.921804	0.15744191	0.019028049	0.21275	6.0	373.04802203178406
213	925.2238	2.984981	930.3345	922.9818	1000.0	90.949814	0.004670786	90.95299	90.79205	856000	1.1175871e-08	4.152706	-0.023064375	-2.0655541	0.15649524	0.0150190545	0.22575	14.0	374.72810316085815
214	931.17914	1.1701641	932.71893	929.6323	1000.0	92.39944	0.0014226832	92.40148	92.37969	860000	-3.306195e-08	2.0742087	-0.022700548	-0.641822	0.15421738	0.016461007	0.2575	14.0	376.3977291584015
215	928.00476	6.8814373	938.88055	921.1014	1000.0	93.2093	0.008389157	93.21147	92.69033	864000	-1.8626451e-08	2.9334984	-0.020566206	-0.009195715	0.15124115	0.016297527	0.1795	12.0	378.1053822040558
216	930.8793	4.73281	938.228	926.4901	1000.0	93.11355	0.0016222366	93.11564	93.08159	868000	2.2351742e-08	2.1519547	-0.021172866	-0.004039496	0.14852934	0.016988099	0.2715	13.0	379.805029630661
217	785.84467	246.41173	937.5915	359.17288	851.5	92.49478	6.8334255	93.17927	5.803955	872000	-2.9802322e-08	75.68139	-0.01201676	-59.111206	0.14565428	0.015139927	0.1675	6.0	381.51279163360596
218	932.3108	11.938804	952.56696	923.3008	1000.0	92.27214	0.39751506	92.35552	84.55288	876000	1.4901161e-08	4.834143	-0.011637602	-1.3566163	0.14461787	0.015536269	0.17300001	6.0	383.1431224346161
219	933.58374	1.4681811	935.6268	931.48254	1000.0	93.32004	0.621234	93.39911	79.70286	880000	2.7939677e-08	1.8856865	-0.0136228	-0.2660022	0.14389537	0.015287472	0.15325001	8.0	384.8034737110138
220	933.7563	5.782452	941.77124	925.4347	1000.0	93.59159	0.23185787	93.60195	79.267525	884000	-1.8626451e-08	3.2375956	-0.018774407	-0.06742191	0.14307101	0.015678193	0.21375	10.0	386.55545806884766
221	934.1151	7.2276874	943.05664	926.52966	1000.0	93.558685	0.015161745	93.56282	92.99486	888000	3.7252903e-08	2.3502812	-0.017097395	-0.0011743605	0.14129964	0.015656343	0.17875	9.0	388.20777893066406
222	932.9208	5.494165	938.07465	924.3851	1000.0	93.52827	0.00341197	93.53117	93.4785	892000	1.4901161e-08	2.216556	-0.02631852	-0.009213835	0.13959627	0.0155488085	0.22275001	19.0	389.86759972572327
223	930.99506	4.4829674	935.7535	923.624	1000.0	93.43136	0.010870534	93.43526	93.09509	896000	0.0	3.1731887	-0.027717268	-0.062647045	0.1349855	0.015146189	0.19925	25.0	391.5513436794281
224	938.67615	3.43912	942.8213	935.03784	1000.0	93.17961	0.020889899	93.18526	92.71102	900000	1.6763806e-08	2.589644	-0.02619129	-0.5896498	0.13064535	0.015776476	0.21900001	20.0	393.29332995414734
225	842.57104	171.96506	948.4919	544.81	896.25	93.95078	0.01511957	93.95567	93.63363	904000	-2.2351742e-08	114.613914	-0.008295523	-4.2837696	0.12835576	0.01701717	0.2175	4.0	394.9499092102051
226	938.40454	15.566189	958.4094	921.57684	1000.0	91.84141	0.008927354	91.845634	91.63758	908000	2.9802322e-08	8.087955	-0.021420233	-3.6929035	0.12799986	0.015969679	0.22549999	15.0	396.6438205242157
227	939.87006	4.645625	945.37335	932.6449	1000.0	93.79202	0.03599681	93.79699	92.67899	912000	1.3969839e-08	2.3736641	-0.023872884	-0.15617546	0.12529445	0.015293298	0.23375	16.0	398.3629925251007
228	943.0389	9.020616	951.6493	928.73236	1000.0	94.195	0.0076225023	94.19922	94.03416	916000	3.7252903e-08	2.645594	-0.025946977	-0.061800808	0.122331604	0.015305888	0.2065	22.0	400.10740756988525
229	948.35406	7.0536356	956.089	938.1044	1000.0	94.448654	0.0162935	94.45226	93.97576	920000	1.8626451e-09	2.9500923	-0.025296424	-0.16802305	0.11712992	0.015386822	0.21225	16.0	401.9436786174774
230	944.54224	4.849169	949.4795	937.48553	1000.0	94.864655	0.02579998	94.86965	93.77879	924000	2.0489097e-08	2.173039	-0.036816966	-0.09033841	0.11402429	0.013323715	0.2645	79.0	403.9144592285156
231	943.74426	8.456241	950.0679	929.1816	1000.0	94.5589	0.016710956	94.563416	93.96726	928000	0.0	2.1216626	-0.02363988	-0.0051876605	0.10380551	0.015347945	0.209	17.0	405.70192646980286
232	953.95703	2.273229	957.0658	950.8273	1000.0	94.48931	0.009581951	94.49275	94.24059	932000	-2.0489097e-08	2.366925	-0.019757114	-0.83368665	0.101802655	0.015177086	0.189	12.0	407.42011761665344
233	956.2676	1.093658	957.61707	954.6763	1000.0	95.41719	0.07324806	95.42514	93.36444	936000	2.7939677e-08	2.3979719	-0.022552162	-0.08050716	0.09946971	0.016438661	0.234	15.0	409.07412791252136
234	949.19867	5.2392306	955.77264	943.4166	1000.0	95.69391	0.13111252	95.71165	91.87931	940000	-1.6763806e-08	2.8706217	-0.021902509	-0.2872855	0.09660322	0.015627984	0.239	18.0	410.7712001800537
235	949.90356	3.8081155	954.0626	943.72217	1000.0	95.16712	0.008955193	95.17169	94.98022	944000	-2.2351742e-08	2.8867571	-0.012791971	-0.0011507273	0.09367676	0.016795814	0.199	6.0	412.7923562526703
236	935.5665	30.244156	957.27344	883.8598	984.5	95.13185	0.018835736	95.138916	94.7557	948000	-2.2351742e-08	125.561905	-0.009715809	-5.6152153	0.09288264	0.019990157	0.30425	5.0	414.60927271842957
237	953.6638	11.199895	970.4816	941.9036	1000.0	92.7352	0.0077952	92.7429	92.59594	952000	2.9802322e-08	9.604963	-0.0067703407	-6.3232107	0.092303894	0.015996048	0.21625	4.0	416.2680335044861
238	952.24567	4.765087	959.6286	946.47253	1000.0	95.08425	1.0939709	95.203064	71.10122	956000	-9.313226e-09	3.387494	-0.011772225	-0.46123314	0.0916944	0.015908832	0.1695	7.0	418.0050415992737
239	957.8192	5.9152765	967.15735	952.07715	1000.0	95.33452	0.45838135	95.369	69.45257	960000	-7.450581e-09	2.4620817	-0.01877978	-0.48893097	0.09064146	0.017438125	0.208	11.0	419.6864275932312
240	961.79663	8.557826	970.4353	947.5652	1000.0	95.8568	0.011190809	95.86134	95.30278	964000	-2.9802322e-08	3.0813844	-0.02136684	-0.11267671	0.08893317	0.016329963	0.211	11.0	421.3606152534485
241	954.0437	9.774201	970.4003	946.3521	1000.0	96.18821	0.048084166	96.19528	94.16032	968000	2.2351742e-08	3.0999742	-0.015739521	-0.18602508	0.08702177	0.015863895	0.16725	8.0	422.9841089248657
242	955.38	10.335851	968.9516	944.23724	1000.0	95.76587	0.018853454	95.77468	95.231064	972000	2.6077032e-08	2.6169498	-0.018632092	-0.077313304	0.085572995	0.016824968	0.24125001	12.0	424.60849356651306
243	963.7075	6.4980564	972.2675	954.60864	1000.0	95.65331	0.2389302	95.79969	91.41312	976000	-2.9802322e-08	2.7500448	-0.021551926	-0.42583737	0.08337455	0.0152078	0.25550002	13.0	426.2588622570038
244	957.3697	5.0007296	965.33344	952.34467	1000.0	96.32584	0.012379008	96.33747	96.15264	980000	-3.7252903e-09	2.68519	-0.020871818	-0.23834905	0.08021045	0.015567863	0.24925	13.0	427.877400636673
245	961.57806	4.677067	969.5956	957.9691	1000.0	95.75654	0.21458912	95.93404	91.22757	984000	-2.6077032e-08	2.494956	-0.030012902	-0.28189954	0.07780629	0.015497166	0.23824999	24.0	429.7377233505249
246	958.8984	5.3497586	964.1191	950.7423	1000.0	96.271736	0.037574634	96.287735	95.29635	988000	2.2351742e-08	3.386131	-0.023833428	-0.16869533	0.07517756	0.015272101	0.23175	15.0	431.45497369766235
247	894.9686	122.55427	975.01337	683.17224	925.5	95.73105	2.3462336	96.10785	33.026016	992000	0.0	135.18132	-0.010837648	-42.66861	0.07336683	0.015040137	0.25075	6.0	433.1120481491089
248	961.7914	4.3647976	966.12494	955.0957	1000.0	94.48919	2.3076687	95.80026	74.234245	996000	-3.1664968e-08	9.764532	-0.008671639	-8.043427	0.07255213	0.016056294	0.177	5.0	434.79240918159485
249	830.90576	240.43115	983.4267	414.89236	856.5	95.97219	2.6535535	96.23545	38.96529	1000000	7.450581e-09	88.776505	-0.010622102	-69.35166	0.07192071	0.01626842	0.22	6.0	436.4716455936432
250	970.07324	6.3440433	976.1968	959.585	1000.0	96.18109	1.2005515	96.38641	71.086105	1004000	7.450581e-09	4.6450624	-0.008036223	-2.4205787	0.071191125	0.01605161	0.204	5.0	438.1170332431793
251	966.59106	5.8644786	974.4344	958.80725	1000.0	97.04084	0.37282053	97.09044	78.44476	1008000	1.4901161e-08	3.3902345	-0.022565909	-0.2183795	0.070604555	0.015609893	0.2315	17.0	439.8181803226471
252	849.60657	203.2302	970.89496	497.63382	878.5	96.59227	1.8702166	96.796234	46.742966	1012000	-3.7252903e-09	114.19654	-0.01020705	-35.241898	0.06699986	0.015433087	0.267	6.0	441.5530905723572
253	972.41345	3.8799412	978.68896	968.0796	1000.0	94.87012	0.7744527	95.002235	67.45782	1016000	5.9604645e-08	8.212242	-0.014943351	-5.7860765	0.06583074	0.015405288	0.2115	9.0	443.2354185581207
254	968.63367	4.2040205	975.12146	963.4613	1000.0	97.04858	0.53097266	97.11401	81.1195	1020000	0.0	2.7250056	-0.025991136	-0.30485135	0.06465843	0.015465941	0.22725	24.0	444.93030166625977
255	967.3037	6.405832	976.338	958.91864	1000.0	96.96531	0.39353514	97.01327	82.54685	1024000	-2.4214387e-08	3.0082288	-0.0128871575	-0.2674039	0.061628256	0.015624616	0.19075	8.0	446.5717031955719
256	970.55383	9.353761	983.48645	961.58624	1000.0	96.78234	0.88448036	96.920586	63.407684	1028000	-7.450581e-09	4.2861414	-0.01651329	-1.2740475	0.06034443	0.015994407	0.175	14.0	448.2291760444641
257	971.2897	10.804238	983.0867	957.1855	1000.0	97.00423	0.38917682	97.170654	91.903	1032000	2.9802322e-08	4.670335	-0.018936113	-0.058852017	0.05818047	0.015089805	0.211	12.0	449.88248682022095
258	975.33057	4.508897	980.9988	969.2449	1000.0	97.158134	0.31704766	97.32796	93.47521	1036000	1.1175871e-08	2.38165	-0.019468933	-0.31129536	0.056205455	0.017253947	0.24125001	13.0	451.5299687385559
259	792.76917	320.048	985.625	238.49675	811.25	97.736626	0.15533072	97.80965	95.150154	1040000	-1.4901161e-08	124.05334	-0.008717231	-4.523563	0.054218594	0.016085062	0.24775001	6.0	453.1273865699768
260	972.4167	6.590696	978.36975	961.2607	1000.0	95.700485	0.049108636	95.72792	94.994774	1044000	2.6077032e-08	4.8290615	-0.039485622	-1.962903	0.053529892	0.013463904	0.26749998	79.0	454.997300863266
261	744.15955	407.90674	1000.34515	38.00011	761.0	97.0456	0.5996589	97.08843	81.07688	1048000	2.2351742e-08	71.936844	-0.0141111575	-56.444317	0.0465034	0.015715282	0.21975	9.0	456.6785249710083
262	972.2261	2.8506181	976.34546	968.55554	1000.0	97.64046	2.4111054	97.951805	25.996271	1052000	4.656613e-09	8.4244585	-0.012810009	-5.484602	0.04611532	0.015290109	0.2225	10.0	458.3273141384125
263	969.6117	12.871785	982.8246	953.53516	1000.0	97.49015	0.19321229	97.52123	88.89488	1056000	-1.4901161e-08	3.262504	-0.007108964	-0.08481938	0.045563262	0.015022147	0.18125	3.0	459.941055059433
264	435.31415	443.84717	981.9127	31.682793	448.2	96.10706	8.224593	97.24633	6.1006594	1060000	-2.2351742e-08	172.51001	-0.014358498	-109.67706	0.045324244	0.016678106	0.25774997	10.0	461.58331966400146
265	971.21	2.5228043	973.9764	967.34424	1000.0	96.78284	2.7593763	97.39434	24.492588	1064000	-1.9092113e-08	9.743579	-0.010692854	-7.493496	0.04471904	0.016795183	0.2055	8.0	463.21883893013
266	979.79224	9.602955	988.5459	963.6576	1000.0	97.37107	0.7130371	97.4455	64.69291	1068000	7.450581e-09	3.505968	-0.017654441	-0.88527304	0.044321116	0.016024936	0.19975	15.0	464.8587930202484
267	971.7698	5.875317	979.15155	963.5782	1000.0	98.054405	0.14687605	98.08046	92.938194	1072000	-2.2351742e-08	2.5752363	-0.03348635	-0.34384745	0.042244952	0.0150584495	0.2315	52.0	466.65294003486633
268	977.4623	6.856399	988.59705	971.6635	1000.0	97.47035	0.08427111	97.50039	95.1729	1076000	1.4901161e-08	2.7217112	-0.020320557	-0.21826696	0.039178707	0.015886521	0.2025	12.0	468.37135219573975
269	979.3457	5.0853972	985.0099	971.92645	1000.0	97.91406	0.4644648	97.96824	78.36037	1080000	-1.4901161e-08	2.925952	-0.022257745	-0.24812898	0.038636766	0.01585779	0.24274999	15.0	470.04054141044617
270	975.0719	8.3859	982.3517	961.65393	1000.0	98.00782	0.07149122	98.03711	97.07847	1084000	1.8626451e-08	4.0925217	-0.028604042	-0.26557112	0.035768967	0.015151993	0.22325	24.0	471.7572252750397
271	972.86127	8.185048	981.2138	960.28015	1000.0	97.506836	0.43632814	97.7179	93.16247	1088000	7.450581e-09	2.5124326	-0.016408471	-0.10933977	0.030971954	0.015338482	0.184	10.0	473.3826382160187
272	987.1987	4.1899004	992.4327	980.8606	1000.0	97.47292	0.20735852	97.54609	93.14026	1092000	-7.450581e-09	5.466473	-0.019401368	-1.4835294	0.03032869	0.016043803	0.2195	12.0	475.0443160533905
273	980.70776	2.7563345	985.2658	978.2202	1000.0	98.71651	0.11554617	98.753944	94.611916	1096000	1.1175871e-08	2.6745706	-0.009018112	-0.42986515	0.029280184	0.015757758	0.19375	5.0	476.6806707382202
274	987.8592	4.4224715	992.50195	982.1531	1000.0	98.07061	0.41942626	98.32732	93.69246	1100000	-1.1175871e-08	3.0817976	-0.01781222	-0.96031743	0.028620575	0.01544875	0.22	9.0	478.32513213157654
275	978.3848	6.765755	989.3754	972.1495	1000.0	98.91099	0.091970935	98.92827	94.215744	1104000	-1.4901161e-08	3.5433705	-0.018140955	-0.7256581	0.02694656	0.015471772	0.197	13.0	479.9976325035095
276	836.8967	243.52036	982.6725	415.20328	854.25	98.041336	0.101742096	98.06507	95.170135	1108000	-3.3527613e-08	125.12904	-0.008345936	-5.725788	0.024508642	0.019147972	0.26025	5.0	481.64812302589417
277	962.47253	47.53652	994.9709	880.3698	977.25	95.66838	0.08653286	95.68904	92.922874	1112000	0.0	125.72423	-0.023608595	-101.03849	0.023809474	-0.0011719635	0.227	79.0	483.5423889160156
278	977.94666	9.807222	988.83936	965.1754	1000.0	97.76269	0.2919916	97.836655	90.606094	1116000	-1.4901161e-08	3.0857718	-0.02581916	-0.05715978	0.02137911	0.015013219	0.2385	20.0	485.2704060077667
279	977.9208	3.386633	982.5741	973.5534	1000.0	97.0707	3.7458851	97.90873	58.74257	1120000	-2.9802322e-08	5.4758167	-0.0134166	-2.3442256	0.020235136	0.015857615	0.20875001	7.0	486.93810510635376
280	981.6223	6.747525	991.4027	974.64124	1000.0	96.67045	5.72209	97.8909	25.489204	1124000	3.7252903e-09	10.413909	-0.01306466	-6.864635	0.019452438	0.016355854	0.17449999	8.0	488.58766913414
281	985.24005	3.4023654	990.9912	982.4454	1000.0	98.20086	1.0171111	98.44012	87.53755	1128000	3.7252903e-09	2.238059	-0.01824271	-0.5263417	0.01863245	0.015193134	0.225	9.0	490.23103404045105
282	978.47034	4.1892014	985.12415	973.5452	1000.0	98.39077	1.3496046	98.626564	76.69603	1132000	1.8626451e-08	4.7521667	-0.018035704	-1.9559376	0.017637523	0.015847318	0.23525	10.0	491.86851739883423
283	789.9767	336.60056	995.67926	207.09813	802.0	98.05612	0.17016992	98.09049	93.00947	1136000	0.0	115.89473	-0.00888421	-67.82613	0.016202942	0.016649812	0.22725001	5.0	493.5412013530731
284	981.5531	3.0321417	984.6928	977.12225	1000.0	95.78502	9.028073	97.24177	5.9052415	1140000	1.6763806e-08	90.79701	-0.01281102	-88.68667	0.01575106	0.015963297	0.2125	8.0	495.20489263534546
285	911.5478	124.73732	987.5935	695.6534	930.25	98.1365	0.051586613	98.15138	96.52399	1144000	1.4901161e-08	133.0265	-0.009583985	-5.755082	0.014980682	0.016442066	0.16125	4.0	496.8445541858673
286	982.9603	5.277364	991.995	979.05566	1000.0	95.66615	0.97267205	95.93706	84.779175	1148000	7.450581e-09	8.734135	-0.014503356	-7.0351744	0.01456118	0.01572569	0.231	10.0	498.5111107826233
287	986.027	4.968073	991.7675	979.1353	1000.0	98.005264	0.130009	98.02794	93.469246	1152000	-7.450581e-09	2.7049327	-0.013412611	-0.39947173	0.012997721	0.016054321	0.17625001	7.0	500.13404965400696
288	710.9904	372.40692	989.7725	53.932396	722.0	98.6066	0.04851699	98.614395	96.99027	1156000	-7.450581e-09	219.44322	-0.0071028285	-14.8999195	0.011856051	0.016664252	0.24325	5.0	501.76811003685
289	982.2999	7.6115274	991.55273	970.9759	1000.0	95.60878	1.4268148	95.97737	84.5426	1160000	-1.1175871e-08	12.068085	-0.015262503	-8.675436	0.011360436	0.016262142	0.23725	9.0	503.41205525398254
290	979.7652	6.113306	986.3645	969.8518	1000.0	97.82055	0.16909368	97.8352	92.87641	1164000	-4.4703484e-08	2.4430304	-0.014417794	-0.12308192	0.010443058	0.015508245	0.15375	9.0	505.0888423919678
291	983.88025	8.998179	996.8145	975.42535	1000.0	98.11275	0.043221124	98.1183	96.80388	1168000	-7.450581e-09	3.021385	-0.019443227	-0.19030574	0.009090061	0.01611466	0.197	11.0	506.74105525016785
292	983.6321	7.7792	991.6686	975.3227	1000.0	98.485374	0.09193002	98.492874	93.3343	1172000	1.4901161e-08	2.5836053	-0.015252132	-0.0069573224	0.007467392	0.016299067	0.21625	7.0	508.36937832832336
293	983.89966	2.5409255	986.8658	980.55005	1000.0	98.53568	0.034003537	98.54062	97.34656	1176000	-2.6077032e-08	2.0285625	-0.018357841	-0.0054244697	0.0064727147	0.015210673	0.1895	12.0	510.0091164112091
294	984.1106	2.9070506	988.2708	980.1558	1000.0	98.58397	0.13312256	98.596504	94.991005	1180000	-1.3038516e-08	1.5467622	-0.015957035	-0.0015868098	0.0046771127	0.015300745	0.1855	8.0	511.6408061981201
295	991.016	5.7210917	999.15625	983.02277	1000.0	98.561844	0.1126952	98.57125	94.05443	1184000	-2.9802322e-08	2.5313964	-0.020047821	-0.35011545	0.003598034	0.015105461	0.2225	15.0	513.3349666595459
296	994.83453	9.849541	1005.89386	979.55005	1000.0	99.08779	0.053515967	99.09935	98.1389	1188000	2.9802322e-08	2.5856	-0.018697383	-0.21963483	0.00029922105	0.015047747	0.21450001	13.0	514.996588230133
297	980.77466	3.8871388	984.8101	976.64667	1000.0	99.52554	0.03913792	99.53075	98.444084	1192000	1.4901161e-08	4.803563	-0.021250997	-1.6314161	-0.0024531034	0.015173957	0.24675	15.0	516.6882362365723
298	987.38684	6.139942	993.8921	977.4605	1000.0	98.35339	0.16689436	98.36337	89.64877	1196000	7.450581e-09	2.0475535	-0.022344636	-0.16344362	-0.0038057817	0.016262038	0.2135	15.0	518.3634703159332
299	989.71533	11.561807	1007.47296	975.07794	1000.0	98.70034	0.0351638	98.70565	97.6709	1200000	2.0489097e-08	3.5503948	-0.027170166	-0.085400134	-0.00611726	0.015254837	0.2245	21.0	520.0482139587402
300	989.00793	6.9970226	1000.2961	982.965	1000.0	98.97577	0.024854532	98.97999	98.03506	1204000	3.7252903e-08	2.1369743	-0.026084311	-0.011205763	-0.010221741	0.015533462	0.23225	19.0	521.7584221363068
301	997.22144	4.355125	1004.28845	993.5031	1000.0	98.8871	0.07235324	98.89215	94.92938	1208000	2.2351742e-08	3.0321143	-0.014975032	-0.9396024	-0.012712172	0.016106235	0.16875	9.0	523.4148554801941
302	793.20996	342.58365	996.72186	199.86989	802.75	99.80661	0.031844508	99.81246	98.72657	1212000	-4.0978193e-08	134.13153	-0.010597553	-5.7076497	-0.01369131	0.02122828	0.23550001	5.0	525.0477094650269
303	985.9746	10.363612	1000.3251	974.9679	1000.0	97.62363	0.04551324	97.6286	95.84195	1216000	1.1175871e-08	4.4281244	-0.015111264	-0.9968375	-0.014237593	0.016196871	0.192	8.0	526.7042014598846
304	945.4718	80.715836	1002.1047	806.08527	952.25	98.51695	0.1257202	98.53354	94.73393	1220000	-2.2351742e-08	128.89516	-0.011914957	-79.70997	-0.014877957	0.015639808	0.28574997	9.0	528.336745262146
305	999.76526	7.2667184	1009.30035	989.9469	1000.0	97.852516	1.9027377	98.14259	68.33319	1224000	-1.4901161e-08	10.658475	-0.033437118	-3.810594	-0.015113531	0.015132153	0.2765	66.0	530.2046582698822
306	991.65027	1.7383709	994.4572	989.71735	1000.0	98.80442	2.950153	99.46951	58.04551	1228000	2.2351742e-08	7.128193	-0.015240643	-4.4434834	-0.014924011	0.015359284	0.20075	10.0	531.8934428691864
307	854.3346	230.55922	992.5469	455.06906	868.5	98.453636	8.101538	99.2981	4.1643705	1232000	-3.7252903e-08	79.57409	-0.014575047	-62.61649	-0.015449746	0.015288806	0.23599999	11.0	533.5328047275543
308	996.2821	5.20062	1001.15497	988.0113	1000.0	97.20364	2.9866195	98.78624	71.61574	1236000	1.071021e-08	12.26296	-0.018203883	-9.525643	-0.015660092	0.016139755	0.2075	12.0	535.2033627033234
309	990.515	7.815513	999.732	979.8999	1000.0	98.35283	6.525315	99.65991	30.706978	1240000	7.450581e-09	26.998766	-0.010579746	-23.760515	-0.015853062	0.016890202	0.228	6.0	536.8321223258972
310	998.3855	7.829114	1008.05	989.94586	1000.0	98.09741	3.3663385	99.23763	78.53502	1244000	2.2351742e-08	12.82121	-0.017985899	-7.9899173	-0.015993437	0.015439349	0.19075	10.0	538.6051669120789
311	994.72394	6.555446	1005.2881	988.19476	1000.0	99.5945	0.4976785	99.661026	88.27293	1248000	4.4703484e-08	3.5781102	-0.014550678	-0.1238029	-0.016471151	0.016180843	0.18925	8.0	540.2432241439819
312	995.62494	6.8973675	1003.1829	984.8485	1000.0	96.878235	11.11511	99.651794	16.532776	1252000	-1.6763806e-08	71.43401	-0.014544152	-61.823788	-0.016814575	0.01636416	0.2245	9.0	541.9158968925476
313	983.96594	6.0451574	990.83734	974.3685	1000.0	99.56502	0.36643493	99.623184	92.11452	1256000	2.9802322e-08	4.3475695	-0.01666544	-1.1927726	-0.01748048	0.01568145	0.18975	8.0	543.552205324173
314	992.54315	3.4976192	997.16455	987.3122	1000.0	98.60226	0.098041214	98.6122	94.25202	1260000	-1.9790605e-08	2.7643878	-0.03960959	-0.65502346	-0.018008707	0.015005858	0.2745	72.0	545.4026567935944
315	988.31714	3.140312	990.86115	982.98413	1000.0	99.37325	0.05449881	99.37827	96.561005	1264000	-1.4901161e-08	2.8834324	-0.021639686	-0.14509878	-0.026143422	0.016091011	0.20275	12.0	547.0860934257507
316	928.70306	121.634674	1005.2986	718.14136	931.5	98.963234	0.50761217	99.01614	87.93465	1268000	0.0	122.6062	-0.013707811	-36.679317	-0.027737768	0.015530902	0.2065	11.0	548.7358386516571
317	988.8358	7.898073	996.1127	975.50085	1000.0	98.88975	0.6486687	99.102066	88.43163	1272000	0.0	3.541672	-0.022308046	-0.1013768	-0.028916206	0.016030286	0.24125001	12.0	550.3973987102509
318	1004.11035	6.5130944	1012.1914	994.2133	1000.0	98.68191	0.5606525	98.88931	88.514244	1276000	2.6077032e-08	5.235179	-0.019226233	-2.6085694	-0.030119397	0.017107578	0.24274999	12.0	552.0703372955322
319	992.0228	2.8588166	996.6081	989.452	1000.0	98.635376	4.3006964	100.283066	76.29917	1280000	-3.7252903e-08	13.780749	-0.017197466	-10.986746	-0.031380672	0.016756233	0.2	9.0	553.7255153656006
320	778.1017	294.34296	994.4095	242.93233	791.2	97.92499	9.972465	99.31741	6.1758666	1284000	0.0	157.68626	-0.017919332	-126.258026	-0.031785127	0.016070694	0.263	11.0	555.4038000106812
321	986.94867	6.094649	994.504	978.8463	1000.0	96.358795	5.387152	97.93549	51.62123	1288000	-7.450581e-09	32.190876	-0.0149383545	-29.512476	-0.031867474	0.015528432	0.22975	8.0	557.034197807312
322	992.2511	4.1162443	998.2575	986.79694	1000.0	98.455444	1.1632359	98.61892	82.55272	1292000	3.7252903e-09	4.31805	-0.01933271	-1.1161754	-0.032328714	0.015820578	0.26975	11.0	558.6885995864868
323	992.3562	6.833308	999.6322	981.4316	1000.0	99.28792	0.012489139	99.291855	99.06923	1296000	-5.5879354e-09	2.5164864	-0.016813958	-0.0076349974	-0.033718456	0.015982458	0.19575	10.0	560.3303048610687
324	997.48303	3.6978345	1001.02167	991.4092	1000.0	98.77717	2.628813	99.37311	55.915543	1300000	-2.2351742e-08	7.3576856	-0.017722594	-4.959228	-0.03575216	0.015440222	0.22575	12.0	561.9914064407349
325	996.18713	7.7083654	1008.1532	987.75916	1000.0	99.66245	0.011446636	99.66429	99.34746	1304000	1.4901161e-08	4.1877747	-0.019031424	-0.000109791756	-0.038130913	0.015606568	0.2045	12.0	563.6180815696716
326	992.31976	6.9623327	1000.52527	984.81976	1000.0	99.67058	0.010934773	99.67195	99.248024	1308000	2.9802322e-08	3.1296177	-0.025435809	-0.053325236	-0.040322132	0.015035442	0.21849999	20.0	565.3441302776337
327	995.4641	5.110365	1002.90857	988.89996	1000.0	99.451965	0.02231472	99.4542	98.51423	1312000	3.259629e-08	3.1025376	-0.018870834	-0.017658353	-0.044955622	0.016708326	0.18275	11.0	567.0016810894012
328	1001.194	6.1512685	1011.6744	995.90137	1000.0	99.5785	0.009663493	99.57985	99.21205	1316000	3.3527613e-08	2.124894	-0.017212342	-0.29131502	-0.046649557	0.01502998	0.19475	11.0	568.6467199325562
329	997.79297	6.3440704	1006.004	990.2373	1000.0	100.09692	0.020833274	100.10023	99.32479	1320000	3.3527613e-08	1.8985326	-0.037279367	-0.02342695	-0.048504353	0.014075262	0.272	79.0	570.5559668540955
330	997.6406	6.0773344	1005.5063	988.91943	1000.0	99.95092	0.0074233618	99.952484	99.71678	1324000	3.7252903e-09	2.8319964	-0.022557978	-0.00196141	-0.05397165	0.015217715	0.20075	14.0	572.2067170143127
331	933.5563	126.70673	1021.77954	715.21136	930.0	99.90633	0.06282957	99.90964	96.06802	1328000	7.450581e-09	136.00078	-0.006448768	-62.56271	-0.055519868	0.015524986	0.23225	5.0	573.8299505710602
332	995.7018	6.6962166	1002.90625	987.49274	1000.0	98.63436	0.4136197	98.66819	88.80663	1332000	3.7252903e-08	4.311272	-0.016084833	-1.2018008	-0.05614806	0.016007008	0.1695	10.0	575.4611630439758
333	766.0326	407.31772	1006.5908	60.57124	767.5	99.30024	4.518531	99.591225	6.534215	1336000	7.450581e-09	70.28174	-0.010633407	-51.287636	-0.058055826	0.016185239	0.21474999	7.0	577.1032447814941
334	997.8197	8.9707365	1011.20557	986.02313	1000.0	99.697365	1.3476988	99.903786	68.724846	1340000	1.4901161e-08	4.7578034	-0.014549869	-1.8401802	-0.058887046	0.015181548	0.178	7.0	578.7452344894409
335	1011.733	4.9634666	1017.82117	1004.0427	1000.0	99.759384	2.038812	99.97385	46.062218	1344000	-1.6763806e-08	8.893585	-0.012161197	-6.4290032	-0.059294287	0.01678102	0.24325	8.0	580.4182381629944
336	1003.06934	6.5009446	1013.6766	996.2333	1000.0	101.11001	0.036964025	101.115814	99.71592	1348000	1.4901161e-08	3.4017208	-0.019052422	-0.3280029	-0.060008455	0.015944839	0.20250002	11.0	582.0831952095032
337	1004.9689	3.8035562	1011.26514	1001.86237	1000.0	100.54689	0.04237748	100.55361	98.47566	1352000	2.6077032e-08	1.8523958	-0.014680615	-0.047851652	-0.061177332	0.015391148	0.15725	7.0	583.7094006538391
338	997.76184	4.162441	1004.22186	993.2744	1000.0	100.73475	0.42628282	100.76755	86.94751	1356000	-5.5879354e-08	3.2851899	-0.020510837	-0.9123895	-0.062117167	0.015706178	0.22	14.0	585.3807744979858
339	1002.0015	3.3673851	1006.39	996.91705	1000.0	99.963264	0.01068359	99.96731	99.71166	1360000	-5.5879354e-09	2.0753264	-0.02679587	-0.12835455	-0.06381541	0.015084264	0.19675002	30.0	587.1017215251923
340	1005.1115	6.689246	1016.4518	1000.10736	1000.0	100.31964	0.028337866	100.32516	99.27495	1364000	0.0	2.2708836	-0.022186795	-0.12026751	-0.06816286	0.015487421	0.20324999	17.0	588.7731130123138
341	1005.8386	5.281655	1010.88434	997.33795	1000.0	100.663795	0.040316597	100.67269	99.50351	1368000	4.8428774e-08	3.0918126	-0.019367538	-0.0029281378	-0.07052951	0.015672484	0.20075	13.0	590.5187125205994
342	1002.5798	5.1779294	1008.6506	994.83435	1000.0	100.61792	0.017682955	100.62393	100.11197	1372000	-3.7252903e-09	1.7308776	-0.032022774	-0.028042823	-0.071165696	0.015076779	0.224	37.0	592.2895755767822
343	773.5121	405.16534	1019.61523	71.877426	768.25	100.4201	0.36003703	100.45503	89.70335	1376000	-3.7252903e-09	97.07253	-0.013929622	-88.80561	-0.076119825	0.015032837	0.31950003	9.0	593.9310615062714
344	1007.04846	9.820096	1020.9365	993.2726	1000.0	100.51217	4.175585	101.07432	41.676735	1380000	0.0	20.646555	-0.012414992	-17.748465	-0.07639666	0.015772153	0.31024998	7.0	595.5904567241669
345	1004.3225	7.6863275	1014.4049	993.6543	1000.0	100.86592	0.103612825	100.87783	97.12685	1384000	-2.9802322e-08	2.1417317	-0.018293673	-0.06652248	-0.076278925	0.01582008	0.22125	13.0	597.2341346740723
346	1012.3673	6.8209443	1018.9911	1002.42255	1000.0	100.60136	0.15278882	100.617775	94.451706	1388000	0.0	2.245097	-0.018148167	-0.64076996	-0.077739954	0.015125731	0.15349999	10.0	598.868185043335
347	1011.70825	1.4004864	1012.58826	1009.28375	1000.0	101.41438	0.14500634	101.42674	96.394196	1392000	-3.5390258e-08	1.6656251	-0.021100018	-0.020888299	-0.07967817	0.015372657	0.22749999	11.0	600.5198101997375
348	1018.654	8.52045	1033.3226	1012.3595	1000.0	101.291985	0.08000537	101.299904	98.352745	1396000	5.9604645e-08	3.3218024	-0.019673638	-0.30539647	-0.081752434	0.016339434	0.23225	12.0	602.1610929965973
349	1009.9234	9.677447	1024.9889	997.995	1000.0	101.85407	0.038683094	101.86193	100.76525	1400000	-9.313226e-09	2.942757	-0.0051766075	-0.4408393	-0.084180966	0.016727064	0.16975	4.0	603.7895467281342
350	832.9144	316.86725	1026.0525	284.19418	822.75	101.1377	0.6897512	101.1851	73.93998	1404000	0.0	141.32558	-0.023817081	-4.3788953	-0.08516208	0.0016352998	0.26700002	79.0	605.7021877765656
351	1008.9652	7.2380075	1020.66473	1002.5539	1000.0	99.179565	0.074160226	99.18745	95.49348	1408000	0.0	5.4857125	-0.020742655	-3.1145258	-0.091495015	0.01702708	0.22474998	12.0	607.3294897079468
352	1019.2769	5.342096	1024.2299	1010.3198	1000.0	100.945595	0.024870513	100.95246	100.48745	1412000	-2.9802322e-08	2.8824198	-0.01904846	-0.8315861	-0.09305891	0.015538052	0.20325	9.0	608.978157043457
353	1011.9132	4.7301035	1017.1036	1004.72943	1000.0	101.857735	0.01832491	101.86301	101.3143	1416000	-9.313226e-09	2.9396262	-0.017366825	-0.21829703	-0.095215686	0.015897144	0.213	10.0	610.6267137527466
354	825.3962	329.9506	1017.626	253.91084	813.75	101.38275	0.07869874	101.395676	99.148926	1420000	3.7252903e-08	138.64258	-0.009836305	-4.627778	-0.097703144	0.01604532	0.24750002	7.0	612.2607479095459
355	1016.0895	3.3358848	1019.6698	1011.1582	1000.0	99.13084	1.4638855	99.28812	73.17259	1424000	5.2154064e-08	9.599084	-0.013486612	-6.5560136	-0.098612815	0.016598227	0.21225	8.0	613.9139091968536
356	793.7917	271.20447	1012.39557	380.55893	791.6	99.49101	11.629031	101.34556	4.445458	1428000	2.9802322e-08	137.01729	-0.0095132515	-118.17492	-0.09932575	0.015578106	0.1665	5.0	615.5631413459778
357	1019.11804	10.660946	1031.31	1002.17975	1000.0	100.04547	2.6567674	100.544334	60.68479	1432000	2.4214387e-08	10.96501	-0.014186811	-8.0381365	-0.09969347	0.016110796	0.20475	10.0	617.2459502220154
358	1015.17926	3.678171	1019.8769	1009.8284	1000.0	101.67211	0.06472372	101.686066	99.77315	1436000	-1.4901161e-08	2.68018	-0.022213299	-0.010732561	-0.10053373	0.015533479	0.2035	14.0	618.924967288971
359	1024.279	4.8801064	1029.8894	1018.1656	1000.0	101.65453	0.060262647	101.67389	100.50065	1440000	2.9802322e-08	2.36533	-0.019556545	-0.67970556	-0.10293646	0.015862923	0.22675	11.0	620.5621888637543
360	1020.21155	8.681965	1034.597	1011.3124	1000.0	102.39244	0.26662254	102.43561	96.589066	1444000	2.9802322e-08	2.8197737	-0.017071296	-0.048457503	-0.105592296	0.015352419	0.21025	10.0	622.228310585022
361	1024.311	5.640964	1030.092	1018.1354	1000.0	102.112816	1.6240216	102.250496	55.109673	1448000	-1.6763806e-08	6.0384865	-0.0043272264	-3.4451928	-0.10748425	0.015261728	0.2295	4.0	623.862137556076
362	1021.18835	9.904244	1034.3682	1009.36383	1000.0	102.44188	0.25642928	102.49741	97.067604	1452000	0.0	3.2610495	-0.017346777	-0.07303196	-0.108136065	0.015467865	0.19174999	11.0	625.5567417144775
363	1025.9167	2.9657614	1028.4814	1021.1028	1000.0	102.271736	0.08420632	102.32842	101.08551	1456000	1.4901161e-08	2.0353322	-0.028621633	-0.19785902	-0.109756894	0.015432348	0.20499998	32.0	627.2563118934631
364	1021.7261	2.699851	1025.7887	1018.3273	1000.0	102.71052	0.10009234	102.751854	99.37492	1460000	4.0978193e-08	1.6739028	-0.017973123	-0.17630103	-0.11205509	0.015242246	0.173	11.0	628.9150228500366
365	875.1884	252.11267	1024.6908	438.53845	861.0	100.90378	10.107604	102.36747	4.517332	1464000	-2.9802322e-08	40.424194	-0.027951462	-32.182205	-0.11330135	0.014756111	0.30525	79.0	630.8515315055847
366	1021.28973	4.7355533	1026.2341	1015.78796	1000.0	99.9352	6.2299438	102.16052	59.17314	1468000	1.1175871e-08	44.18653	-0.0191375	-42.5644	-0.11720552	0.01569776	0.21625	11.0	632.5167810916901
367	1026.7732	5.940548	1033.6283	1019.7249	1000.0	102.101135	0.031291086	102.10956	100.5656	1472000	-1.4901161e-08	2.6180024	-0.02801494	-0.38791287	-0.11735565	0.015411476	0.221	26.0	634.2148287296295
368	793.63995	406.9554	1040.1106	88.8819	773.5	102.708916	0.053530548	102.72059	100.93615	1476000	1.4901161e-08	121.07616	-0.00935149	-94.49778	-0.12077169	0.017964423	0.213	5.0	635.8888351917267
369	1030.9164	9.317172	1043.4698	1020.9637	1000.0	102.661255	0.39415944	102.71083	93.23888	1480000	-3.7252903e-09	3.3196933	-0.024910513	-0.3753901	-0.12137742	0.015089897	0.23675	18.0	637.5359239578247
370	1016.0204	3.9433894	1022.1265	1012.16486	1000.0	103.16297	0.21815152	103.19074	97.22854	1484000	-7.450581e-09	4.0817275	-0.020655137	-1.8407482	-0.12421096	0.015397133	0.21625	12.0	639.1761121749878
371	557.38104	422.82367	1028.2471	41.537422	545.6	101.04892	7.4907603	101.88216	6.5793953	1488000	1.4901161e-08	264.187	-0.0093703605	-103.77438	-0.12692349	0.019008536	0.23725	4.0	640.9085230827332
372	895.8661	228.67218	1037.2544	499.9275	876.0	96.77111	11.5648365	99.7481	4.603407	1492000	3.3527613e-08	47.103683	-0.009169614	-28.41188	-0.12773477	0.017173328	0.21700001	5.0	642.5252370834351
373	798.32355	362.5207	1035.8745	91.693634	776.8	100.10775	6.186311	101.7621	16.76174	1496000	1.4901161e-08	247.28253	-0.008501943	-43.152412	-0.12850302	0.017600965	0.17899999	4.0	644.1706163883209
374	1027.8943	6.488032	1037.4814	1019.28784	1000.0	99.922905	1.5745233	100.638084	89.43523	1500000	-2.9802322e-08	12.813604	-0.01919758	-9.897984	-0.12905766	0.015497442	0.21849999	12.0	645.838830947876
375	1027.0701	6.0822296	1036.8368	1020.1401	1000.0	102.355896	0.110744014	102.38224	98.30307	1504000	2.9802322e-08	2.265596	-0.03815007	-0.2237654	-0.13010104	0.014317908	0.26375	79.0	647.728113412857
376	1037.0828	10.791318	1054.8483	1027.9589	1000.0	102.771835	0.07340949	102.7957	101.605804	1508000	-7.450581e-09	3.3805952	-0.022352073	-0.8018642	-0.13487189	0.015592101	0.23550001	15.0	649.40860414505
377	1030.3379	9.846361	1042.7662	1015.18494	1000.0	103.52679	0.2270202	103.58225	100.387535	1512000	4.4703484e-08	2.8111417	-0.022311587	-0.12945896	-0.13683403	0.016423754	0.19600001	13.0	651.0540826320648
378	1035.3602	7.063587	1047.3815	1029.2793	1000.0	103.2808	0.15178828	103.32657	101.14961	1516000	2.2351742e-08	2.9793625	-0.019422408	-0.091989815	-0.1392672	0.015205872	0.20750001	12.0	652.7151341438293
379	1039.885	3.720634	1045.6136	1036.1858	1000.0	103.51606	0.14456277	103.565926	100.44517	1520000	2.2351742e-08	2.0694718	-0.023009432	-0.20100906	-0.14188474	0.016065842	0.186	13.0	654.3692181110382
380	1034.5931	1.0676618	1035.4663	1032.8463	1000.0	103.89864	0.18983714	103.960175	100.833855	1524000	-1.8626451e-09	2.110141	-0.0068392325	-0.10520831	-0.14511071	0.015564824	0.19725	4.0	655.9854435920715
381	1037.0918	5.0918827	1043.7354	1030.2932	1000.0	103.50194	1.0812991	103.685844	82.1997	1528000	3.7252903e-09	2.9405968	-0.02232063	-0.9711584	-0.1460464	0.015303388	0.21525	18.0	657.6590723991394
382	1028.6974	7.989609	1039.1696	1019.1026	1000.0	103.83073	0.034635533	103.840935	102.89892	1532000	1.8626451e-08	3.226263	-0.014989391	-0.627966	-0.1489821	0.015139552	0.18125	6.0	659.300368309021
383	1041.8652	7.5728707	1050.5575	1029.7664	1000.0	103.08549	0.023320943	103.09557	102.74374	1536000	-4.284084e-08	3.4394693	-0.023694552	-1.2961788	-0.15014365	0.01571075	0.22775	20.0	660.986172914505
384	812.6881	384.85776	1038.4105	146.10547	785.25	104.154945	0.06951285	104.16473	100.48567	1540000	-2.6077032e-08	128.03278	-0.011152357	-98.51453	-0.15380242	0.019518241	0.26700002	7.0	662.6045250892639
385	1042.5493	7.694263	1048.4171	1029.3157	1000.0	102.48855	3.0031674	103.176414	53.029682	1544000	-7.450581e-09	16.654343	-0.005123559	-13.531496	-0.15456526	0.016355928	0.28500003	4.0	664.2537739276886
386	1031.387	4.2996793	1038.2253	1026.5851	1000.0	104.02363	0.9451187	104.08892	68.60767	1548000	0.0	3.1529393	-0.011551561	-1.5205452	-0.15480852	0.016250066	0.20199999	8.0	665.8824524879456
387	1035.5266	6.0068407	1039.6686	1025.1581	1000.0	103.433395	0.05339918	103.44908	102.2762	1552000	2.2351742e-08	3.0690408	-0.018394671	-0.030631185	-0.1552173	0.016061394	0.1785	11.0	667.5401837825775
388	1036.2302	2.7372732	1040.5997	1033.078	1000.0	103.58739	0.071376026	103.60524	101.81262	1556000	-4.656613e-08	2.354218	-0.024711419	-0.01570195	-0.15767258	0.015530346	0.2505	18.0	669.2782642841339
389	1034.8431	10.282686	1045.7584	1018.1821	1000.0	103.689125	0.12389834	103.714836	98.45338	1560000	-1.8626451e-08	3.2360747	-0.018740594	-0.030454814	-0.16180357	0.015260564	0.21725	14.0	670.9339039325714
390	1034.0962	4.484509	1038.0719	1026.7252	1000.0	103.54964	0.09529212	103.58727	101.38196	1564000	2.4214387e-08	1.7982268	-0.023123693	-0.020067781	-0.16351365	0.015969604	0.23625	16.0	672.5988535881042
391	1038.4437	4.596707	1044.0239	1031.2865	1000.0	103.46343	0.058075994	103.4728	101.21984	1568000	-1.8626451e-08	2.5166228	-0.039296098	-0.106268734	-0.16551983	0.013070277	0.25849998	79.0	674.5099048614502
392	1035.2947	3.7469041	1037.8495	1028.8617	1000.0	103.72429	0.2660969	103.78384	97.76118	1572000	-1.1175871e-08	1.8318799	-0.020934483	-0.048076034	-0.17553532	0.015759049	0.18125	11.0	676.1689915657043
393	1036.5195	4.224651	1042.6414	1032.5101	1000.0	103.59233	0.018348442	103.60013	103.27736	1576000	2.9802322e-08	1.6692412	-0.0156588	-0.013754338	-0.17687897	0.016385566	0.17050001	9.0	677.8744642734528
394	1042.1226	3.8214514	1046.958	1036.2496	1000.0	103.702324	0.027688729	103.715576	103.35072	1580000	1.21071935e-08	2.7028346	-0.023418508	-0.2754719	-0.17866316	0.015050983	0.2045	16.0	679.5540156364441
395	1034.7483	4.1744576	1037.9707	1027.5868	1000.0	104.2149	0.08054156	104.236435	102.018295	1584000	2.2351742e-08	2.5083482	-0.023023285	-0.24184808	-0.18101463	0.015306992	0.21374999	14.0	681.2338628768921
396	1050.4237	7.0740104	1058.361	1042.288	1000.0	103.745155	0.038574845	103.75972	103.1317	1588000	-6.3329935e-08	3.1156826	-0.017320916	-1.5095363	-0.18310136	0.015536748	0.23275	10.0	682.8770976066589
397	1049.9209	2.534929	1052.6165	1045.952	1000.0	104.96414	0.04088709	104.97966	104.0548	1592000	-1.1175871e-08	1.3200022	-0.023042217	-0.016990632	-0.18526053	0.015261672	0.2155	16.0	684.5500800609589
398	1051.1935	0.78858614	1052.3746	1050.316	1000.0	105.068405	0.040476885	105.08429	104.05125	1596000	-5.122274e-09	1.585212	-0.036996514	-0.0005411804	-0.18961875	0.015083037	0.25774997	76.0	686.4740846157074
399	1053.3494	5.83995	1059.6371	1044.2751	1000.0	105.02594	0.18777147	105.064354	99.51418	1600000	-1.1175871e-08	2.0927672	-0.019342791	-0.23742375	-0.19713466	0.016676972	0.2115	11.0	688.1277573108673
400	1047.614	6.4152336	1052.4772	1036.8186	1000.0	105.5208	0.05074642	105.540985	104.77701	1604000	-7.450581e-09	2.959621	-0.011567601	-0.39457214	-0.19871342	0.015300922	0.14774999	5.0	689.7531125545502
401	1047.971	2.62893	1050.7133	1043.9336	1000.0	104.85265	0.30383533	104.95441	100.58975	1608000	5.5879354e-09	1.7734417	-0.020833686	-0.08255671	-0.19978802	0.015577521	0.229	13.0	691.4187064170837
402	1055.0269	2.218735	1058.6699	1052.6597	1000.0	104.90237	0.037451465	104.916855	104.22623	1612000	2.7939677e-09	1.793628	-0.018184364	-0.41561368	-0.20203955	0.015958969	0.23375	9.0	693.0471742153168
403	1051.8496	3.526425	1057.1942	1048.2689	1000.0	105.55836	0.029918745	105.572075	104.8568	1616000	7.450581e-09	2.7002237	-0.02170916	-0.17884102	-0.2034862	0.015083771	0.26075	16.0	694.7478811740875
404	1057.582	4.397121	1062.0822	1051.3094	1000.0	105.11739	0.114114635	105.14498	102.80625	1620000	-4.4703484e-08	2.163247	-0.02082503	-0.53110635	-0.20537594	0.017299894	0.1985	12.0	696.4318127632141
405	1053.151	8.760777	1065.2545	1041.859	1000.0	105.863045	0.016494965	105.86908	105.5372	1624000	3.3527613e-08	2.0697782	-0.010236805	-0.12542352	-0.20705362	0.015417461	0.18125	4.0	698.1229341030121
406	1049.2582	9.344149	1058.1708	1034.8567	1000.0	105.49055	0.033524305	105.50766	105.02573	1628000	-2.9802322e-08	2.1363	-0.016229633	-0.23711419	-0.20786816	0.016442582	0.19525	9.0	699.8312106132507
407	1058.8745	5.1782823	1066.9744	1054.2153	1000.0	104.98875	0.06721553	105.02158	104.17709	1632000	7.0780516e-08	2.6659536	-0.018528754	-0.88369954	-0.20997491	0.015076599	0.186	13.0	701.4968121051788
408	1058.5967	2.9912674	1061.8268	1054.2412	1000.0	105.954704	0.036490254	105.97447	105.57898	1636000	1.8626451e-08	1.2795897	-0.018793698	-0.0005619526	-0.21256937	0.015487242	0.22225	12.0	703.1820921897888
409	1054.8613	1.103876	1056.2667	1053.3644	1000.0	105.944565	0.04966756	105.96315	104.70514	1640000	-1.8626451e-09	2.153484	-0.019904273	-0.0824464	-0.2149281	0.0154361455	0.2135	14.0	704.8337709903717
410	1059.5552	2.6278796	1061.7075	1055.0836	1000.0	105.6592	0.033169404	105.6718	104.78299	1644000	1.6763806e-08	1.4190989	-0.030808993	-0.08946186	-0.21784684	0.015063763	0.22525	55.0	706.6743834018707
411	1059.1201	5.812807	1067.116	1052.024	1000.0	105.94642	0.07500215	105.97569	104.76407	1648000	-2.9802322e-08	1.5389658	-0.023588479	-0.031631157	-0.2227704	0.01541355	0.19975	16.0	708.5222997665405
412	1063.1709	7.6223907	1076.0864	1057.2444	1000.0	106.11982	0.055665184	106.137886	105.01905	1652000	1.1175871e-08	2.1181967	-0.022194117	-0.05705151	-0.22571059	0.01532609	0.2075	16.0	710.3529765605927
413	1067.3977	6.7647977	1076.0775	1060.4426	1000.0	106.35535	0.034440126	106.372	105.659836	1656000	-8.568168e-08	1.9950573	-0.017874315	-0.23914054	-0.23125476	0.015034436	0.2095	11.0	712.0223276615143
414	1060.7358	2.779482	1063.0192	1055.9811	1000.0	106.84178	0.06599006	106.86769	105.33026	1660000	3.7252903e-09	2.1895428	-0.023698358	-0.42279613	-0.23401062	0.01573389	0.238	15.0	713.7542984485626
415	1063.0118	4.5707827	1069.4794	1056.8727	1000.0	106.19964	0.037497357	106.2174	105.705345	1664000	2.8871e-08	2.1295044	-0.019127302	-0.031606585	-0.2366562	0.015952181	0.20025	11.0	715.4905602931976
416	1065.2286	3.0057614	1068.3068	1060.2836	1000.0	106.38	0.033041142	106.394905	105.861374	1668000	-1.1175871e-08	1.6892533	-0.008617601	-0.027548298	-0.23863968	0.015464189	0.14050001	4.0	717.2770195007324
417	1060.9082	5.132539	1065.3362	1052.2767	1000.0	106.51915	0.07124303	106.55807	105.69611	1672000	-2.6077032e-08	1.8197196	-0.03716631	-0.21469614	-0.23944238	0.013910166	0.23475	79.0	719.3444917201996
418	1066.4382	1.8071692	1068.2758	1064.318	1000.0	106.01593	0.15230773	106.09612	104.1267	1676000	-4.0978193e-08	2.2428904	-0.018266656	-0.30597603	-0.24956107	0.016375113	0.17449999	10.0	721.6187069416046
419	1071.3596	4.758925	1078.9225	1066.3943	1000.0	106.607765	0.1394989	106.67341	104.69339	1680000	7.450581e-09	1.7243601	-0.01562165	-0.3142563	-0.2508412	0.01660179	0.18125	7.0	723.8294034004211
420	1068.1426	7.2627506	1078.3866	1057.8446	1000.0	107.03573	0.45932832	107.25653	101.50142	1684000	2.6077032e-08	1.8947701	-0.016083864	-0.026794106	-0.2522523	0.015203083	0.2065	9.0	725.649492263794
421	1067.7753	3.294265	1069.932	1062.0837	1000.0	107.03794	0.27626288	107.184456	104.24868	1688000	-3.7252903e-09	2.498479	-0.03105088	-0.17838222	-0.25435162	0.01539073	0.22799999	41.0	727.4949855804443
422	1076.4424	3.4096303	1080.5146	1071.2322	1000.0	106.78152	0.3133813	106.97011	103.11355	1692000	-2.514571e-08	2.6259785	-0.017470483	-0.46740627	-0.26095355	0.016716478	0.18975	10.0	729.2981164455414
423	1078.9852	4.4135513	1085.0475	1074.0239	1000.0	107.443436	0.25732526	107.633484	105.60426	1696000	-1.4901161e-08	1.8415713	-0.016484685	-0.30271628	-0.26280043	0.01604899	0.18349999	10.0	731.0279970169067
424	1078.9192	9.153262	1091.7294	1067.2996	1000.0	107.92361	0.04256138	107.95098	107.47755	1700000	-1.4901161e-08	2.1671963	-0.020347787	-0.024423927	-0.2656571	0.016790582	0.202	13.0	732.8766052722931
425	1079.7772	2.0993967	1083.3645	1078.1404	1000.0	107.885315	0.23992091	108.00959	105.40473	1704000	-2.6077032e-08	1.738001	-0.01421001	-0.022992745	-0.2692261	0.015283926	0.19925	8.0	734.5332605838776
426	1083.5983	4.9701962	1090.0729	1078.3545	1000.0	107.89675	0.12271329	107.96694	106.22962	1708000	3.5390258e-08	2.26804	-0.0139181465	-0.2542541	-0.2709659	0.01777881	0.21599999	7.0	736.186680316925
427	1082.4197	4.8234267	1086.1099	1074.1251	1000.0	108.42927	0.1609338	108.52152	106.69825	1712000	-3.7252903e-09	1.3854839	-0.0159413	-0.01299724	-0.2723789	0.015347739	0.20275	11.0	737.8644804954529
428	1077.1335	5.1267796	1084.9387	1071.3229	1000.0	108.288925	0.18361662	108.41393	106.90638	1716000	9.313226e-09	2.6670992	-0.017423546	-0.64871347	-0.27423128	0.015730083	0.1855	9.0	739.5351281166077
429	1079.3768	5.9074106	1087.0685	1071.2507	1000.0	108.063034	0.5331245	108.40922	103.89328	1720000	9.313226e-09	1.8776703	-0.014208872	-0.117872	-0.27584627	0.018542115	0.1735	7.0	741.1472148895264
430	1083.6868	3.1422591	1087.8572	1079.2844	1000.0	108.040405	0.2220111	108.19994	104.87654	1724000	-3.3527613e-08	1.8561811	-0.018750168	-0.27396628	-0.27719253	0.015813014	0.25875	10.0	742.8018069267273
431	1084.5859	3.7502055	1088.0306	1078.7977	1000.0	108.42939	0.03152679	108.444	107.28018	1728000	9.313226e-09	1.795105	-0.021130105	-0.0721069	-0.27910137	0.016051631	0.23525	14.0	744.5426952838898
432	1090.3093	4.82289	1096.5111	1083.4453	1000.0	108.67117	0.07364211	108.69396	105.176025	1732000	2.514571e-08	1.815705	-0.028345669	-0.19114299	-0.281345	0.015288549	0.2155	29.0	746.2523765563965
433	1088.7012	4.492434	1095.5748	1083.5369	1000.0	109.09072	0.14817765	109.125885	103.707344	1736000	-1.1175871e-08	1.7298117	-0.019502696	-0.029908925	-0.28482553	0.016534947	0.17074999	9.0	748.3068175315857
434	1098.3044	6.1397324	1108.2231	1093.1636	1000.0	109.01564	0.04349069	109.046585	108.30806	1740000	-2.6077032e-08	2.8685274	-0.018129453	-0.53430265	-0.28599352	0.015462111	0.22225	9.0	749.9817786216736
435	1094.9634	1.3889395	1097.023	1093.1099	1000.0	109.703156	0.107822895	109.77634	108.61443	1744000	-1.1175871e-08	1.0136449	-0.018513702	-0.01793462	-0.28714827	0.015544556	0.21525	14.0	751.6586966514587
436	1095.3235	7.652974	1107.9642	1088.6934	1000.0	109.61999	0.09499009	109.6795	107.966225	1748000	-3.7252903e-08	1.789398	-0.02165423	-0.035509095	-0.2894821	0.016705662	0.21575001	13.0	753.3780632019043
437	1094.772	6.5783954	1104.6372	1087.9226	1000.0	109.59475	0.27415293	109.769035	106.76645	1752000	-2.9802322e-08	1.4428786	-0.013303672	-0.019053876	-0.29242337	0.01586727	0.19175	7.0	755.0290167331696
438	1102.0868	5.258914	1107.5588	1095.4316	1000.0	109.59811	0.24493773	109.75465	105.02224	1756000	7.450581e-09	2.507402	-0.030815387	-0.50087917	-0.29369316	0.015008823	0.24324998	31.0	756.7626571655273
439	1100.4961	3.4059472	1104.4613	1095.1376	1000.0	110.26332	0.039511096	110.27684	109.31214	1760000	1.4901161e-08	1.4325843	-0.01851726	-0.0047225356	-0.29787442	0.016060863	0.19575	12.0	758.4507737159729
440	1100.1897	7.926639	1108.223	1088.1909	1000.0	110.27106	0.12411872	110.28828	105.751305	1764000	-3.3527613e-08	2.2752948	-0.019729426	-0.09994927	-0.29914206	0.015369146	0.2545	12.0	760.1423721313477
441	1099.7424	1.7876937	1101.6945	1096.8988	1000.0	110.07623	0.072811276	110.11784	109.38309	1768000	4.1734893e-08	1.5827918	-0.01820799	-0.08498226	-0.30124596	0.015583219	0.23025	11.0	761.7768292427063
442	1105.2961	4.376476	1110.1846	1098.2057	1000.0	110.20301	0.19717015	110.35109	108.33429	1772000	-2.2351742e-08	1.4031876	-0.018083664	-0.26385957	-0.30327675	0.016099133	0.193	9.0	763.4664313793182
443	1112.7932	3.5810266	1117.913	1109.1748	1000.0	110.617905	0.307033	110.78169	104.427	1776000	-7.450581e-09	2.1093185	-0.014898891	-0.57115716	-0.30532122	0.017594341	0.17525	6.0	765.1682424545288
444	1103.6428	3.7948294	1108.4905	1098.0679	1000.0	111.377785	0.056979977	111.41538	109.76206	1780000	2.3283064e-08	2.468392	-0.014150401	-0.95797145	-0.30714458	0.016457494	0.23699999	10.0	767.0353717803955
445	1107.2971	3.8979325	1112.0913	1102.059	1000.0	110.4288	0.65900254	110.943596	104.975464	1784000	-2.0489097e-08	1.4862746	-0.020036537	-0.23415521	-0.3105566	0.01784351	0.252	10.0	769.2904396057129
446	1103.6782	3.3290966	1108.028	1098.8046	1000.0	110.846176	0.4358578	111.1861	107.233246	1788000	2.6077032e-08	2.4108653	-0.02110074	-0.26898426	-0.31286585	0.01515744	0.21625	12.0	771.3143308162689
447	1107.1819	3.7062166	1113.3999	1103.8811	1000.0	110.24055	0.5592008	110.71883	106.18301	1792000	-1.1175871e-08	1.4192567	-0.020114833	-0.27815515	-0.3148592	0.015121499	0.2035	10.0	773.6287741661072
448	1109.9119	10.999529	1121.9856	1098.8263	1000.0	110.697235	0.3022106	111.017006	107.705345	1796000	5.9604645e-08	2.5734272	-0.017404199	-0.16751386	-0.31680647	0.015283882	0.2045	11.0	776.0818231105804
449	1106.6298	3.0751832	1109.637	1101.8531	1000.0	111.08118	0.091794915	111.197624	110.06674	1800000	-3.678724e-08	1.9729043	-0.011793089	-0.20244253	-0.31912333	0.015667371	0.1965	4.0	778.345253944397
450	1119.698	1.7414396	1122.6658	1118.2017	1000.0	110.91147	0.25079402	111.174225	109.05523	1804000	-2.9802322e-08	2.4376392	-0.024130553	-0.9541749	-0.32001153	0.015048465	0.23275	14.0	780.5891544818878
451	1118.077	2.2472744	1121.2971	1114.942	1000.0	111.877594	0.09851959	111.957214	109.33006	1808000	-1.8626451e-09	1.4631774	-0.018483669	-0.05519584	-0.32294476	0.01638975	0.1835	9.0	782.8696095943451
452	1120.2637	2.5987644	1123.3953	1117.1478	1000.0	111.99709	0.20361544	112.17914	109.14552	1812000	9.313226e-09	1.0140303	-0.01759816	-0.081210196	-0.3244788	0.016162822	0.174	9.0	784.5728523731232
453	1116.7063	1.8299748	1118.3099	1113.8384	1000.0	112.04926	0.6073339	112.487114	103.5277	1816000	2.0489097e-08	1.5269172	-0.007247677	-0.18186359	-0.326014	0.018728927	0.22974999	4.0	786.2507252693176
454	1121.9657	1.6041476	1123.5333	1119.3448	1000.0	111.97139	0.28556222	112.06268	105.428116	1820000	-7.450581e-09	1.5587592	-0.02211042	-0.2037102	-0.3267164	0.016673401	0.224	14.0	788.098904132843
