Epoch	AverageEpRet	StdEpRet	MaxEpRet	MinEpRet	EpLen	AverageVVals	StdVVals	MaxVVals	MinVVals	TotalEnvInteracts	LossPi	LossV	DeltaLossPi	DeltaLossV	Entropy	KL	ClipFrac	StopIter	Time
0	-29.710762	69.38207	117.513626	-297.93787	29.946566	-0.08106712	0.21689533	0.50400805	-0.63376737	4000	2.7939677e-08	3465.0833	-0.02922186	-153.6997	0.9189419	0.009877243	0.174	79.0	2.1307692527770996
1	-16.97146	62.585155	90.386536	-240.6321	29.37594	-2.7156866	0.4177798	0.068985835	-3.140338	8000	-3.7252903e-09	2441.7754	-0.030692246	-56.320374	0.91923887	0.010577437	0.18625	79.0	4.082779407501221
2	-24.734873	69.00248	183.20454	-369.7153	28.02143	-4.3787947	0.58112323	2.2173936	-4.6773024	12000	3.3527613e-08	3076.9287	-0.025283545	-71.78754	0.9149563	0.015230735	0.174	33.0	5.820944786071777
3	-14.455912	50.24829	136.76775	-150.63919	28.57971	-6.151433	0.43335178	2.8471003	-6.2995615	16000	-4.4703484e-08	1545.407	-0.031679228	-31.389923	0.90838367	0.014059242	0.20225	79.0	7.842505216598511
4	-13.961924	52.678608	126.95987	-209.21716	28.021276	-7.055226	1.0722399	5.9559393	-7.3865137	20000	-1.3969839e-09	1565.3872	-0.030247416	-28.088577	0.906591	0.012480082	0.18450001	79.0	9.790216445922852
5	-19.578987	63.788265	92.59001	-287.14374	29.766918	-7.351594	2.6477242	7.443268	-8.30922	24000	-3.0733645e-08	2439.8755	-0.033265296	-62.15207	0.9100372	0.012596067	0.20075001	79.0	11.785818099975586
6	-7.128046	53.71098	176.16328	-184.68861	27.493055	-8.711298	3.1322584	8.807087	-9.76603	28000	1.1175871e-08	1870.5022	-0.033295475	-44.826813	0.9097955	0.015010287	0.209	62.0	13.623279571533203
7	-5.0676193	45.35937	105.612015	-163.54053	27.62676	-7.0284853	5.755656	9.375814	-10.351812	32000	4.656613e-09	1086.5214	-0.030687744	-50.968307	0.90856934	0.010589836	0.2005	79.0	15.523618221282959
8	8.882527	47.766766	147.36003	-121.55856	27.075863	-6.0501847	6.962564	9.877406	-10.897451	36000	2.7939677e-08	1220.4662	-0.032377556	-66.13579	0.90750134	0.015022407	0.20675	56.0	17.361223936080933
9	8.654366	55.086	183.50851	-144.13033	27.823944	0.31289726	8.652122	10.318769	-11.321107	40000	-9.313226e-10	1383.8446	-0.019062338	-57.003113	0.9031819	0.015928343	0.20425001	13.0	19.072527647018433
10	30.339653	53.967327	179.91853	-139.20512	28.550724	2.5520272	8.941138	11.034827	-12.034711	44000	-1.4901161e-08	1403.8324	-0.03202054	-73.12674	0.9010044	0.015173845	0.233	37.0	20.84022045135498
11	20.031616	59.00472	148.08739	-204.2904	29.132353	5.343584	9.061992	12.212891	-13.103251	48000	-1.8626451e-08	1403.8518	-0.013555225	-67.20532	0.9025751	0.016739286	0.18024999	10.0	22.610556602478027
12	27.202534	68.374146	178.12724	-303.85883	31.141733	5.25942	9.840399	13.20817	-14.035637	52000	-1.8626451e-09	1987.2377	-0.016906558	-95.826965	0.90238154	0.015282392	0.20275	13.0	24.271331071853638
13	46.708313	59.293583	212.23956	-83.38354	31.552	6.532217	10.584339	14.570324	-15.322205	56000	5.2154064e-08	1673.8878	-0.03442394	-105.75456	0.9034871	0.01506068	0.22225	55.0	26.127948999404907
14	53.25214	75.62596	216.3825	-268.17587	32.04132	11.44419	8.928086	16.254	-16.815706	60000	-4.4703484e-08	2472.732	-0.036830902	-122.12802	0.8987044	0.014447983	0.2405	79.0	28.019912481307983
15	63.0782	69.92415	224.29654	-175.96751	33.724136	13.69204	9.125788	18.394974	-18.740854	64000	-2.0489097e-08	2455.7302	-0.0241143	-129.95184	0.8974376	0.015423297	0.17275	25.0	29.72307825088501
16	75.5688	63.65932	230.8185	-108.88358	33.939655	15.453912	8.649075	20.357224	-20.46565	68000	-5.9604645e-08	2277.853	-0.017766098	-129.76593	0.89911866	0.015410308	0.17850001	14.0	31.366353750228882
17	95.243866	58.854706	254.92996	-43.54786	34.55752	18.40726	7.0743685	22.477417	-22.335915	72000	3.3527613e-08	2628.0308	-0.034792557	-184.88687	0.89784807	0.015016144	0.21775001	78.0	33.224303007125854
18	100.949165	65.05038	257.7419	-81.79859	35.169643	22.454262	5.5714545	24.899979	-24.46737	76000	-2.2351742e-08	2992.777	-0.014751713	-155.26431	0.8967372	0.01600032	0.15100001	11.0	34.85012078285217
19	107.72115	65.58301	260.19083	-98.48913	36.47222	22.57405	9.29455	27.213467	-26.506233	80000	4.0978193e-08	3092.1978	-0.0154009275	-157.15552	0.8963039	0.015369582	0.19125	12.0	36.51053810119629
20	121.39874	78.26382	343.7396	-199.24626	37.893204	24.00987	9.367045	29.31098	-28.349794	84000	3.3527613e-08	4379.289	-0.014600845	-340.7876	0.8936668	0.015989583	0.14075	11.0	38.16206192970276
21	122.03616	63.134254	256.45175	-83.9398	36.43925	26.587652	9.712576	31.621773	-30.40126	88000	-2.6077032e-08	3416.023	-0.022091689	-167.51166	0.89042264	0.015161682	0.1765	20.0	39.82391929626465
22	135.28711	74.17462	286.21542	-137.22658	36.462963	27.844048	10.727971	33.61937	-32.15172	92000	-4.4703484e-08	4296.752	-0.02152999	-217.76752	0.8882451	0.015042697	0.198	21.0	41.55893564224243
23	153.43573	62.970127	305.83185	-50.37029	36.90566	30.235224	11.397607	35.796047	-34.08153	96000	7.450581e-09	4838.2275	-0.022046886	-225.83014	0.8861281	0.01508217	0.16975	22.0	43.37032079696655
24	148.45259	61.456944	281.14243	-74.619995	36.766354	32.238804	11.63098	38.11699	-36.125656	100000	5.5879354e-08	4172.5176	-0.017880207	-176.47876	0.88456494	0.015157969	0.15875	18.0	45.133763790130615
25	147.32123	67.290375	291.4326	-77.385086	37.074768	33.7269	12.013649	40.101067	-37.87381	104000	0.0	4078.4639	-0.030993957	-160.31421	0.8820497	0.015275149	0.1975	39.0	46.929362535476685
26	165.49423	67.060745	296.80017	-85.53341	36.747665	34.757977	13.286466	41.912945	-39.47121	108000	-1.527369e-07	5159.004	-0.0276495	-206.7843	0.8774911	0.015030754	0.17175001	40.0	48.69317626953125
27	156.03094	64.43751	306.68497	-69.99957	37.76923	36.494923	13.979699	43.944973	-41.262066	112000	4.656613e-09	4178.831	-0.021608438	-157.2525	0.8709249	0.015107488	0.15825	25.0	50.467039585113525
28	170.62239	71.540474	333.7197	-49.092667	37.273586	37.670265	15.006592	45.635883	-42.753063	116000	5.401671e-08	5304.7017	-0.015318606	-201.81512	0.8709339	0.015029369	0.157	16.0	52.149439573287964
29	176.44962	61.802055	310.03055	-72.94812	38.2233	39.663513	14.426089	47.52156	0.6629902	120000	2.9802322e-08	4960.2686	-0.026136102	-192.80688	0.8708446	0.015057123	0.15699999	45.0	53.937806129455566
30	181.3272	64.57699	317.07962	-66.99461	38.2549	40.250652	16.140911	49.329967	-46.010334	124000	2.2351742e-08	5202.1353	-0.02007269	-186.79132	0.8702415	0.01509996	0.14125	19.0	55.66432285308838
31	170.9868	68.292145	339.7722	-91.22146	37.07547	41.80126	16.011642	51.119873	-47.588623	128000	-2.2351742e-08	4638.661	-0.018278062	-180.29169	0.8672832	0.015165722	0.138	18.0	57.35219693183899
32	194.2228	59.048534	331.86993	-78.32276	37.96154	43.047146	16.987448	52.70264	-48.984394	132000	8.940697e-08	5544.9785	-0.032077327	-201.4524	0.8655963	0.014714913	0.1785	79.0	59.202584981918335
33	181.94208	62.103424	307.90018	-25.015453	38.284313	44.238903	17.831612	54.494167	-49.920567	136000	-2.0489097e-08	4570.8936	-0.034907736	-161.97394	0.8612383	0.0150083685	0.18825	63.0	61.02625513076782
34	180.17068	57.37144	315.0854	26.703089	37.390476	45.290337	18.034208	56.0541	-51.94158	140000	-4.4703484e-08	4223.503	-0.026047137	-133.73895	0.85398144	0.015077299	0.164	33.0	62.752312660217285
35	187.20941	68.291016	366.3103	-29.336153	38.215687	46.17545	18.873806	57.50577	-53.222073	144000	1.1269003e-07	4999.3374	-0.03160221	-156.59583	0.8519613	0.015003566	0.19049999	58.0	64.60717296600342
36	188.69977	61.6368	339.6504	10.724369	37.875	46.38982	19.511934	59.032345	-54.568935	148000	-9.126961e-08	4748.3447	-0.022554401	-151.18054	0.8500365	0.015007114	0.13975	33.0	66.51871299743652
37	204.44696	62.626926	353.1193	22.142208	38.067307	49.055008	19.10979	60.53154	-55.891365	152000	7.450581e-09	5643.972	-0.02675202	-171.91846	0.848775	0.015325595	0.1575	36.0	68.29562473297119
38	197.55185	56.98498	351.89227	-26.625977	38.376236	50.19452	19.805548	62.16013	-57.327816	156000	-1.1175871e-08	4859.295	-0.011794627	-172.24396	0.8470462	0.01582428	0.16975	11.0	70.06135821342468
39	200.56714	55.00412	330.8627	59.333897	37.576923	50.68345	21.281168	63.680096	-58.669308	160000	7.8231096e-08	4857.9067	-0.02777873	-159.43988	0.8466925	0.015107074	0.18175	42.0	71.96022081375122
40	198.4967	66.538246	347.36182	-81.26201	38.27451	52.076534	21.428652	65.16784	-59.981476	164000	3.1664968e-08	4944.624	-0.027749145	-158.76807	0.84147185	0.015210164	0.184	37.0	73.77957510948181
41	208.32161	58.98358	316.2799	-15.678415	38.07767	52.442436	22.78875	66.62393	-61.26575	168000	1.8626451e-09	5087.783	-0.02015116	-160.94043	0.8408634	0.015027976	0.1425	24.0	75.60177659988403
42	196.03299	66.65408	335.9923	-55.568817	38.067963	54.000263	22.560188	68.12885	-62.592533	172000	-9.313226e-09	4571.971	-0.019451022	-188.92639	0.8412445	0.0152204465	0.132	23.0	77.35683870315552
43	201.64188	58.02141	347.51553	7.127753	38.294117	53.47739	24.0681	69.48338	-63.788315	176000	0.0	4398.139	-0.020943318	-149.19519	0.84235	0.015540454	0.13949999	21.0	79.11088037490845
44	205.61984	58.482624	316.36966	47.176212	38.339806	54.970734	24.645931	70.82828	-64.97415	180000	3.1664968e-08	4558.414	-0.030506376	-138.94897	0.8391338	0.015000464	0.17675	57.0	81.01730704307556
45	196.69493	70.087395	392.4815	-88.23911	37.18868	54.55468	25.958578	72.19174	-66.175934	184000	-2.7939677e-08	4458.551	-0.033021785	-181.62402	0.8343338	0.015103243	0.197	49.0	83.18091011047363
46	218.71814	56.34778	348.68195	14.812381	38.22549	57.840675	23.962399	73.50398	-5.498124	188000	-3.3527613e-08	5126.759	-0.024429543	-162.46094	0.83582306	0.01501249	0.13425002	40.0	85.67793726921082
47	208.37462	66.4387	404.32687	-29.029366	38.574257	56.811874	26.578793	74.98503	-68.64137	192000	-3.7252903e-09	4607.04	-0.017202327	-157.62506	0.8292804	0.015310293	0.16225001	18.0	88.10011625289917
48	218.1831	67.450775	344.37842	-57.25175	38.03846	58.938274	26.452621	76.34177	-63.018124	196000	1.3038516e-08	5097.8643	-0.025639687	-163.37836	0.8280536	0.015116779	0.16775	31.0	90.31143021583557
49	220.93982	57.482567	360.17987	52.018898	38.598038	61.053986	25.960474	77.78581	-71.112305	200000	-1.6763806e-08	4888.8296	-0.029745959	-145.91284	0.82503176	0.01513211	0.18075	44.0	92.52068591117859
50	212.11188	64.781876	353.1262	-52.984024	38.067963	60.81214	27.195143	79.21513	-72.37283	204000	3.5390258e-08	4436.6123	-0.028821891	-139.06299	0.8191581	0.0150266215	0.1825	49.0	94.63687753677368
51	215.73982	65.56982	341.20633	41.552483	38.058254	60.724686	28.459267	80.527756	-73.53177	208000	-3.9115548e-08	4562.0396	-0.016356183	-142.26501	0.817491	0.015226037	0.15525	13.0	96.65254378318787
52	217.943	61.591774	367.0871	-19.291645	38.39216	62.024517	28.267002	81.83668	-74.68664	212000	2.7939677e-08	4450.787	-0.028573891	-136.84955	0.8170359	0.0150677785	0.17050001	39.0	99.06193423271179
53	220.18042	59.09952	351.16138	81.41794	38.627453	63.842564	28.648512	83.148056	-75.84389	216000	-2.2351742e-08	4427.996	-0.014976056	-131.78717	0.8138621	0.015457097	0.14575	12.0	101.02792263031006
54	219.87169	68.37684	362.79633	21.1425	38.27451	64.53514	28.791664	84.470314	-77.00979	220000	5.2154064e-08	4571.9434	-0.010648971	-139.78839	0.8145845	0.016566515	0.16075	9.0	103.07759022712708
55	205.03609	74.16643	346.83487	-132.00345	38.333332	63.10546	31.260765	85.788284	-78.17226	224000	-3.7252903e-08	3719.892	-0.024863359	-224.53412	0.8143595	0.015122546	0.1655	26.0	105.53060722351074
56	207.23247	58.732403	326.2132	16.554699	38.45098	63.999428	31.200718	86.94206	-79.19002	228000	-4.377216e-08	3400.4402	-0.026777938	-139.45245	0.8142315	0.015326098	0.17150001	33.0	107.94126749038696
57	212.29259	64.244896	385.9363	-53.983498	38.2549	64.56424	32.151424	88.06854	-80.18309	232000	2.2351742e-08	3798.8271	-0.032272138	-132.53821	0.8127721	0.015081879	0.19375	53.0	110.38863205909729
