Epoch	AverageEpRet	StdEpRet	MaxEpRet	MinEpRet	EpLen	AverageVVals	StdVVals	MaxVVals	MinVVals	TotalEnvInteracts	LossPi	LossV	DeltaLossPi	DeltaLossV	Entropy	KL	ClipFrac	StopIter	Time
0	50.9	21.488348	134.0	32.0	35.6	0.36380017	0.08824196	0.66719913	0.06841634	4000	-1.5646219e-07	948.8553	-0.027334394	-139.7549	0.918941	0.015085514	0.15	55.0	2.059823513031006
1	52.719627	24.695356	161.0	32.0	36.813084	3.4493823	0.40563995	3.9657383	-0.48236987	8000	1.2293458e-07	923.35504	-0.013962857	-104.1503	0.91647345	0.015312308	0.1375	17.0	3.6506760120391846
2	62.18132	32.621582	179.0	32.0	43.12088	5.8176017	0.109944396	5.8981757	3.7073436	12000	-5.9604645e-08	1187.9474	-0.030519966	-89.01033	0.91662693	0.011963625	0.176	79.0	5.471944808959961
3	51.912846	23.261757	170.0	30.5	36.27523	7.6124864	0.24932714	7.657219	-3.2550735	16000	8.754432e-08	695.93555	-0.022102289	-45.413956	0.90975034	0.0150081795	0.14074999	34.0	7.1493470668792725
4	53.728573	24.369577	138.5	30.5	37.485714	8.908864	0.036740992	8.929437	8.295102	20000	-1.1175871e-08	704.5842	-0.023677645	-43.18248	0.9065527	0.015056044	0.15200001	45.0	8.836426734924316
5	57.714287	24.797958	131.0	30.5	40.142857	10.152451	0.068918526	10.169865	7.4364643	24000	3.4458935e-08	711.3434	-0.033767447	-44.341263	0.9044241	0.014780159	0.1925	79.0	10.751513242721558
6	67.69277	31.093992	195.5	30.5	46.79518	11.387215	0.8645448	11.43774	-9.758561	28000	-5.029142e-08	959.98584	-0.03244382	-61.671906	0.90079933	0.013955239	0.18475	79.0	12.553678750991821
7	59.61579	26.68988	161.0	33.5	41.410526	12.904107	0.18610099	12.917631	5.0943427	32000	8.195639e-08	686.48157	-0.026738431	-37.414177	0.89320946	0.015150195	0.18375	41.0	14.225553035736084
8	65.53571	28.636555	135.5	32.0	45.357143	14.09	0.20241974	14.102857	5.7217383	36000	-3.1664968e-08	784.23486	-0.015004592	-44.89656	0.8875385	0.015638992	0.1795	14.0	15.82763385772705
9	73.30769	32.89993	170.0	30.5	50.53846	15.371146	0.37442428	15.3833885	-7.8869476	40000	3.7252903e-08	920.3471	-0.015474489	-52.19403	0.8858795	0.01526237	0.14275	11.0	17.461661100387573
10	71.69231	36.26083	261.5	30.5	49.46154	16.760242	0.18229406	16.76796	5.2550116	44000	0.0	959.483	-0.029575156	-48.228165	0.88504976	0.015058503	0.16575	69.0	19.748013257980347
11	73.822365	31.461412	173.0	32.0	50.88158	17.999487	1.7181295	18.107794	-15.652983	48000	0.0	840.6151	-0.033630826	-43.015778	0.87720746	0.013060106	0.20025	79.0	22.245638132095337
12	76.83784	32.912876	186.5	35.0	52.89189	19.336594	0.7230631	19.371878	-9.165301	52000	2.2351742e-08	826.2468	-0.030894723	-39.234024	0.8779975	0.015073632	0.19424999	52.0	24.368256092071533
13	83.347824	40.125195	225.5	35.0	57.231884	20.496407	1.4830315	20.585459	-13.077983	56000	-1.0151416e-07	1027.6514	-0.035929456	-49.60875	0.8741627	0.014267739	0.19775	79.0	26.834126234054565
14	81.91912	37.566864	239.0	35.0	56.27941	21.804684	1.8503499	21.944588	-14.026212	60000	3.7252903e-08	911.6593	-0.019968498	-42.54181	0.8670807	0.015567109	0.1745	17.0	29.099451780319214
15	76.1	33.145134	147.5	35.0	52.4	23.033152	1.9010806	23.209543	-6.6503015	64000	3.7252903e-08	701.72766	-0.017539926	-29.289719	0.86616164	0.015826754	0.1565	14.0	31.355335235595703
16	87.14844	39.39084	248.0	33.5	59.765625	23.928549	1.8857063	24.218582	-2.3268652	68000	2.7939677e-08	930.4279	-0.018521104	-57.977844	0.86436594	0.015179869	0.22475	15.0	33.38391351699829
17	96.344826	48.39335	293.0	32.0	65.89655	24.1413	4.0982366	25.484045	-7.672142	72000	9.126961e-08	1166.361	-0.036903422	-79.76285	0.8625125	0.013435876	0.20625001	79.0	35.33350133895874
18	89.63281	37.83767	183.5	30.5	61.421875	24.167082	6.3659596	27.047071	-22.600111	76000	2.4214387e-08	793.66864	-0.030837605	-49.401764	0.8606123	0.015204694	0.18875	41.0	37.42957091331482
19	89.833336	38.616962	176.0	32.0	61.555557	26.12897	6.11825	28.31638	-18.22472	80000	2.9802322e-08	798.4845	-0.017340383	-47.387848	0.86143404	0.015780738	0.19049999	13.0	39.06245565414429
20	98.58929	40.76666	198.5	35.0	67.39286	26.623571	6.814028	29.527372	-19.522245	84000	3.1664968e-08	918.1393	-0.033306055	-61.89766	0.8611186	0.015035272	0.1945	66.0	40.82299065589905
21	106.166664	47.461098	231.5	35.0	72.44444	27.92911	7.1038594	30.871479	-16.351429	88000	-1.1688098e-07	1022.3397	-0.037092753	-70.764725	0.85303694	0.012347994	0.22375	79.0	42.6509063243866
22	98.02586	42.474377	197.0	35.0	67.01724	28.74544	8.098681	32.302124	-16.334288	92000	-9.313226e-09	800.8899	-0.018233001	-48.156357	0.8508221	0.015124533	0.19275	17.0	44.880027770996094
23	103.05556	47.743492	257.0	36.5	70.37037	30.487034	7.4793873	33.49783	-20.215086	96000	1.4901161e-08	903.25903	-0.01689789	-80.19681	0.8471442	0.015105822	0.1835	14.0	47.06847381591797
24	93.22034	39.213047	215.0	33.5	63.81356	29.812294	9.126569	34.78587	-16.608858	100000	-3.7252903e-08	665.62024	-0.032550238	-66.77937	0.84479505	0.0150401145	0.185	47.0	49.41416311264038
25	107.5	50.45266	257.0	35.0	73.333336	29.684738	10.206832	35.847668	-13.495011	104000	-5.2154064e-08	933.45715	-0.032857116	-89.60831	0.8375601	0.015001964	0.175	71.0	51.820892572402954
26	108.95283	45.02979	237.5	38.0	74.30189	31.414516	10.494772	37.19838	-14.962838	108000	-5.5879354e-08	775.9142	-0.037235904	-67.27908	0.8350042	0.012298526	0.20425	79.0	54.281885623931885
27	113.36735	36.266273	228.5	56.0	77.244896	32.05629	11.5022955	38.452568	-11.101736	112000	8.940697e-08	661.042	-0.030956954	-50.34385	0.82751757	0.015073063	0.17925	53.0	56.63038730621338
28	109.09434	43.874935	236.0	36.5	74.396225	33.28386	11.091564	39.679844	-5.981106	116000	6.0535967e-09	663.85486	-0.028785963	-50.81253	0.8289851	0.015021201	0.16975	36.0	58.94548749923706
29	112.29592	37.234077	200.0	36.5	76.53061	33.30387	11.75263	40.83933	-2.03319	120000	7.4505806e-08	651.2306	-0.028162703	-58.019913	0.8257284	0.015225105	0.195	35.0	61.273356437683105
30	111.47059	49.511578	272.0	39.5	75.98039	35.008236	12.113661	42.025665	-6.4515214	124000	3.1664968e-08	704.12524	-0.015832856	-65.51746	0.8221989	0.015604509	0.178	10.0	62.86447525024414
31	115.44898	52.77931	260.0	38.0	78.63265	36.015812	11.930191	43.188923	-6.331026	128000	-5.2154064e-08	767.289	-0.029292513	-67.22244	0.8211719	0.015144458	0.17725	28.0	64.51500105857849
32	122.73333	47.28596	239.0	35.0	83.48889	37.140327	12.634856	44.407223	-4.7855167	132000	9.313226e-10	725.9875	-0.017263837	-69.31192	0.81608427	0.015653025	0.19600001	11.0	66.16724228858948
33	140.45	46.015053	296.0	80.0	95.3	37.35285	13.563509	45.69177	-8.87963	136000	-2.0489097e-08	786.8697	-0.028012522	-71.46913	0.8144036	0.0151297655	0.2005	33.0	67.80090689659119
34	122.12766	48.615234	293.0	32.0	83.085106	39.359142	13.403072	47.077045	-6.464833	140000	4.1909516e-08	640.5014	-0.018089134	-69.59084	0.8050479	0.015127858	0.20375	15.0	69.39312076568604
35	130.45122	49.289192	276.5	47.0	88.63415	39.122288	14.333993	48.18544	-4.231023	144000	2.9802322e-08	822.2062	-0.037138578	-81.71107	0.80240273	0.011932781	0.221	79.0	71.8339421749115
36	135.71951	50.192562	266.0	33.5	92.14634	40.387676	14.694736	49.510365	-3.6221561	148000	-1.1455268e-07	704.15106	-0.035082538	-67.43649	0.7954844	0.011912766	0.19925	79.0	74.26549029350281
37	132.575	56.866573	257.0	38.0	90.05	42.439167	14.045639	50.780693	-4.2401457	152000	-5.5879354e-09	758.94836	-0.038223542	-69.7875	0.7933954	0.0150322765	0.21525	70.0	76.67440986633301
38	122.978264	51.746662	216.5	41.0	83.652176	42.248375	15.426046	52.036034	-4.1043444	156000	9.313226e-09	578.947	-0.016062947	-71.334854	0.7882475	0.015240918	0.1875	13.0	78.86752271652222
39	131.24419	54.220413	374.0	62.0	89.16279	40.549866	16.611755	53.012917	-12.228616	160000	2.9802322e-08	687.66516	-0.015576751	-146.88857	0.7856442	0.016132789	0.2065	11.0	80.40657186508179
40	134.47562	54.77136	350.0	60.5	91.31707	44.34375	15.7153425	53.993557	-2.524763	164000	-1.0244548e-08	704.1284	-0.014685452	-67.69464	0.78202564	0.0150351655	0.1515	11.0	82.19402551651001
41	134.96428	69.9996	390.5	36.5	91.64286	44.174274	16.367342	55.175587	-2.8549042	168000	2.2351742e-08	787.31177	-0.022964321	-89.913086	0.7790774	0.0151775805	0.19875	20.0	84.45257902145386
42	163.57143	69.146645	357.5	54.5	110.71429	44.84261	17.048294	56.319633	-11.067779	172000	-5.9604645e-08	872.9282	-0.029114444	-86.47754	0.7741352	0.015281228	0.19624999	28.0	86.7186484336853
43	156.91667	58.30803	369.5	60.5	106.27778	47.18041	17.15058	57.85204	-7.0733166	176000	4.284084e-08	637.8869	-0.027003348	-56.83747	0.7726019	0.015208128	0.18025	28.0	88.95894527435303
44	143.07692	48.195454	264.5	42.5	97.051285	46.137585	18.25233	59.12106	-4.6605854	180000	1.4901161e-08	466.25128	-0.03669054	-44.578175	0.76900065	0.014193894	0.21425	79.0	91.39270305633545
45	143.03847	51.10113	306.5	57.5	97.02564	47.212196	18.154327	60.13988	-13.8026705	184000	-7.0780516e-08	482.67514	-0.016095007	-41.75495	0.766635	0.015193957	0.15900001	11.0	93.590993642807
46	159.28572	73.86786	435.5	53.0	107.85714	48.232838	18.688433	61.086185	-5.3064785	188000	-1.1175871e-08	723.7275	-0.02691074	-62.836693	0.7661573	0.01507489	0.1835	28.0	95.88617992401123
47	151.14865	49.743923	351.5	84.5	102.432434	49.64834	18.511837	62.424274	-5.7197046	192000	4.656613e-09	458.1025	-0.037653252	-53.031357	0.7617808	0.015012095	0.21625	73.0	98.2982406616211
48	154.35715	76.55106	383.0	35.0	104.57143	50.945305	18.74025	63.402374	-3.298475	196000	1.6763806e-08	770.6384	-0.018470757	-81.81502	0.75545436	0.015706798	0.155	11.0	100.49627184867859
49	158.21428	73.20434	350.0	35.0	107.14286	50.2566	20.507322	64.65551	-3.6503608	200000	3.1664968e-08	632.95886	-0.035618573	-58.81212	0.75376934	0.015014681	0.19875	60.0	102.87653231620789
50	154.71622	55.318188	278.0	44.0	104.810814	51.068024	20.489355	65.82835	-8.21785	204000	-2.6077032e-08	427.87106	-0.024681123	-48.458668	0.7453374	0.015011674	0.17125	22.0	105.14166951179504
51	151.20833	50.09302	270.5	50.0	102.47222	51.09189	21.3612	66.79112	-10.296877	208000	2.6077032e-08	391.5857	-0.018063728	-50.28446	0.7436539	0.01576732	0.17050001	11.0	107.36194849014282
52	161.97058	71.147415	407.0	45.5	109.64706	52.780777	20.476828	67.70263	-3.4181926	212000	6.7055225e-08	558.2859	-0.014518131	-51.057014	0.74346685	0.0153805185	0.1695	13.0	109.56848096847534
53	177.25807	55.04908	321.5	90.5	119.83871	53.321453	21.479311	68.76993	-2.8934631	216000	1.4901161e-08	461.65442	-0.013629657	-51.023205	0.74332994	0.015863067	0.1585	8.0	111.77558660507202
54	165.27272	73.35944	444.5	45.5	111.84849	55.322773	21.312311	69.895615	-2.673977	220000	0.0	535.53656	-0.028851755	-55.884422	0.7429195	0.015224736	0.20975	28.0	114.04934239387512
55	169.95161	67.50321	347.0	45.5	114.96774	54.80255	21.783712	70.940704	-4.1588626	224000	0.0	553.79083	-0.035781316	-58.26171	0.7441008	0.015020624	0.2025	76.0	116.5018060207367
56	173.96774	85.25777	443.0	83.0	117.645164	57.685852	20.676584	72.128746	-3.3425083	228000	-3.7252903e-09	626.3766	-0.037597302	-74.35735	0.7397099	0.015087722	0.20525001	69.0	118.92398738861084
57	157.86363	41.83142	243.5	51.5	106.90909	54.461212	23.591734	73.30064	-5.013365	232000	1.3038516e-08	316.92993	-0.031977814	-38.80088	0.73259366	0.015222725	0.19424999	38.0	121.26753544807434
58	206.63461	77.93804	462.5	86.0	139.42308	57.911346	22.39026	74.13356	-2.8241782	236000	2.2351742e-08	657.1959	-0.017584395	-84.42296	0.72893	0.015396457	0.16225	12.0	123.52851605415344
59	206.0577	89.89078	480.5	101.0	139.03847	59.384827	22.94952	75.50661	-3.8828926	240000	2.2351742e-08	670.7001	-0.015017502	-87.84121	0.72830194	0.015036477	0.1665	9.0	125.78612208366394
60	173.14062	54.956833	305.0	72.5	117.09375	61.748444	23.234207	76.994064	-10.719933	244000	-1.6763806e-08	357.64777	-0.014444884	-83.630516	0.727327	0.016490895	0.1715	11.0	128.0088551044464
61	218.11539	75.57005	407.0	110.0	147.07692	61.901672	23.994493	77.76071	-14.03244	248000	1.8626451e-08	611.53656	-0.016072176	-70.62736	0.7269243	0.015181489	0.2035	12.0	130.27319431304932
62	196.41072	96.198456	489.5	95.0	132.60715	60.152637	24.06243	79.04019	-5.8720126	252000	-1.8626451e-09	594.2235	-0.029665025	-79.44614	0.7251488	0.0151631255	0.2015	39.0	132.64760041236877
63	191.375	86.117714	405.5	92.0	129.25	62.083946	24.938353	80.25281	-3.9908466	256000	4.4703484e-08	556.33057	-0.033560924	-79.96086	0.7180398	0.015081162	0.20775	40.0	135.01176834106445
64	197.96428	99.18912	432.5	62.0	133.64285	61.797592	25.719444	81.40784	-7.5825076	260000	-7.450581e-09	524.1009	-0.04149039	-64.94053	0.7119028	0.014416587	0.221	79.0	137.57300114631653
65	191.21428	66.78516	330.5	87.5	129.14285	62.15232	25.514862	82.53475	-5.1841373	264000	-7.450581e-09	417.42413	-0.0386012	-75.774765	0.70598567	0.015073387	0.2265	65.0	140.00062489509583
66	185.04839	66.73653	368.0	51.5	125.03226	63.056717	26.139711	83.33092	-4.8649836	268000	1.8626451e-08	341.1149	-0.017613787	-58.370556	0.69924945	0.015681636	0.20249999	10.0	142.2262487411499
67	245.0	155.5101	789.5	123.5	165.0	65.22189	25.323343	83.96809	-3.828621	272000	-4.4703484e-08	863.301	-0.030219503	-165.00743	0.69771886	0.015114756	0.2255	24.0	144.5103406906128
68	205.38889	100.42598	651.5	83.0	138.59259	66.51914	26.45447	85.60224	-2.6727467	276000	0.0	439.1997	-0.017208306	-50.96248	0.6952744	0.016284129	0.2245	11.0	146.75047183036804
69	249.29546	100.65486	524.0	119.0	167.86363	68.22295	26.412296	86.69699	-7.3891044	280000	-2.6077032e-08	600.8176	-0.01797972	-107.70571	0.6931371	0.015762657	0.20825	12.0	148.9629566669464
70	233.75	107.17369	479.0	125.0	157.5	70.840546	24.874294	88.17741	-5.137769	284000	-1.1175871e-08	771.2913	-0.040984716	-100.47528	0.6897734	0.014773142	0.22500001	79.0	151.42950868606567
71	212.86539	95.35798	530.0	68.0	143.57692	71.53037	27.628809	89.7101	-5.853966	288000	-1.4901161e-08	467.84625	-0.016326021	-73.17276	0.68608445	0.015342902	0.16100001	10.0	153.68020749092102
72	212.6923	83.65958	510.5	129.5	143.46153	67.9222	28.385132	90.58847	-5.8464437	292000	-1.3038516e-08	402.59955	-0.014547274	-68.46661	0.686198	0.015813164	0.15675	9.0	155.94187307357788
73	259.25	148.93788	858.5	119.0	174.5	70.85709	27.075127	91.35189	-2.8989925	296000	-7.450581e-09	618.4405	-0.033469383	-83.80979	0.68518895	0.015139769	0.22424999	46.0	158.30577039718628
74	219.0625	59.845863	371.0	150.5	147.70833	72.22306	28.635155	92.60105	-5.1263337	300000	-1.1175871e-08	330.45935	-0.017369723	-54.584316	0.6771413	0.01502912	0.2185	12.0	160.54350018501282
75	217.28	73.985275	380.0	108.5	146.52	69.81335	29.56085	93.3423	-5.372531	304000	3.9115548e-08	317.9356	-0.020133354	-53.735542	0.67509896	0.01512796	0.21024999	15.0	162.84195709228516
76	235.34782	89.14356	473.0	131.0	158.56522	71.18775	28.781244	94.05918	-4.370615	308000	3.7252903e-09	396.08054	-0.023369797	-66.42807	0.6737085	0.015386173	0.19925	19.0	165.14998269081116
77	253.31818	89.84046	426.5	84.5	170.54546	75.45056	27.897198	94.94026	-5.711611	312000	-4.4703484e-08	392.87213	-0.03995477	-53.26794	0.6689713	0.015022758	0.22775	76.0	167.58586168289185
78	371.85715	103.574066	503.0	195.5	249.57143	81.32254	25.661789	96.03192	-5.9991693	316000	2.7939677e-09	665.6072	-0.024047893	-99.21851	0.66824764	0.015351987	0.17825001	21.0	169.88387489318848
79	274.25	138.51646	614.0	99.5	184.5	82.130714	27.892246	98.01779	-4.4273205	320000	2.7008355e-08	650.5425	-0.022465214	-87.92891	0.6668933	0.015156026	0.17775	15.0	172.14594960212708
80	238.54347	146.31926	666.5	113.0	160.69565	77.96328	31.070469	99.56204	-4.022557	324000	-1.1175871e-08	565.3367	-0.03875298	-106.62358	0.6648285	0.015076297	0.227	70.0	174.6089882850647
81	269.225	91.73364	567.5	177.5	181.15	78.72279	31.22333	100.31714	-6.8963156	328000	-1.8626451e-09	454.80807	-0.016442455	-115.90886	0.65960544	0.016783983	0.18200001	9.0	176.89110612869263
82	283.41666	143.65944	632.0	125.0	190.61111	84.26512	27.998201	101.033485	-5.8843894	332000	-3.7252903e-08	616.463	-0.042928465	-98.39768	0.65960604	0.013624818	0.2455	79.0	179.3842260837555
83	311.1	105.77637	557.0	147.5	209.06667	80.921486	29.135693	102.22124	-6.0726547	336000	-2.2351742e-08	616.5236	-0.016776767	-154.12619	0.65610754	0.016007911	0.15625	8.0	181.64377546310425
84	272.94736	166.30338	719.0	107.0	183.63158	83.39413	31.589327	103.78677	-4.9569488	340000	-1.3038516e-08	579.1189	-0.03054704	-114.20645	0.6552392	0.0151303075	0.22549999	28.0	183.97169589996338
85	288.91666	146.01183	569.0	102.5	194.27777	85.388565	30.629883	104.93872	-6.289988	344000	-4.0978193e-08	481.33832	-0.012513067	-87.42055	0.65120953	0.015508272	0.15200001	8.0	186.20602345466614
86	333.1	134.40141	632.0	135.5	223.73334	86.03817	30.62926	106.01071	-6.017581	348000	-2.142042e-08	570.87103	-0.037934206	-155.2127	0.6501346	0.015107184	0.228	78.0	188.72440600395203
87	247.71428	97.76789	488.0	99.5	166.80952	80.36767	32.907116	107.14507	-7.4947023	352000	0.0	426.18042	-0.017086456	-118.07185	0.64639723	0.01542949	0.21975	10.0	190.9240653514862
88	329.08823	146.07283	611.0	143.0	221.05882	85.97549	30.658869	107.341225	-9.860243	356000	1.6763806e-08	502.10394	-0.034099497	-111.162506	0.64503723	0.015217695	0.2335	40.0	193.27667927742004
89	342.39285	153.24818	626.0	141.5	229.92857	89.422195	30.85226	108.12193	-5.2906003	360000	-1.3038516e-08	500.34686	-0.02985057	-97.7763	0.63798654	0.015127504	0.2055	31.0	195.55449295043945
90	380.0	197.51239	915.5	164.0	255.0	90.51673	30.346209	109.534546	-5.4547496	364000	-2.2351742e-08	565.6178	-0.039028533	-116.05737	0.63449	0.011101882	0.22424999	79.0	198.0242416858673
91	388.76923	170.79324	864.5	176.0	260.84616	93.72389	30.616472	110.98605	-4.8776608	368000	-3.7252903e-09	473.5019	-0.012965719	-102.43189	0.6320074	0.015273235	0.20875001	8.0	200.23765468597412
92	406.31818	222.75275	962.0	158.0	272.54544	97.276825	28.698088	112.27621	-7.702518	372000	-3.7252903e-09	544.087	-0.015700324	-100.46929	0.6320325	0.015281746	0.19049999	8.0	202.46004223823547
93	353.69232	144.26732	647.0	113.0	237.46153	96.741684	31.062605	113.75601	-2.7551894	376000	3.7252903e-09	492.39514	-0.041392148	-109.73162	0.6324391	0.015007236	0.25300002	68.0	204.8500189781189
94	483.5909	362.49506	1500.0	156.5	323.9091	97.73619	31.55998	114.93164	-7.311974	380000	1.4901161e-08	667.43744	-0.042493254	-171.64044	0.634933	0.0112770535	0.26	79.0	207.32190012931824
95	360.92856	204.40723	884.0	153.5	242.28572	99.983765	30.930878	116.62252	-6.0413356	384000	1.8626451e-08	469.42096	-0.025635354	-107.42412	0.6269495	0.015046021	0.20475	18.0	209.56615805625916
96	315.6154	110.142944	602.0	168.5	212.07692	97.719376	33.39492	117.39387	-6.6474085	388000	1.6763806e-08	523.8997	-0.024673443	-145.59119	0.62503225	0.015237822	0.23324999	20.0	211.8198275566101
97	461.58334	386.483	1500.0	141.5	309.25	101.69852	31.006357	118.126045	-0.008970737	392000	1.3038516e-08	619.0115	-0.026601933	-153.84676	0.6235804	0.0152940415	0.22999999	25.0	214.17091512680054
98	393.77274	228.63412	993.5	131.0	264.18182	105.07769	29.76864	119.60097	-7.0559454	396000	-1.4901161e-08	474.2954	-0.0394401	-97.77051	0.6214495	0.014191604	0.2595	79.0	216.67470979690552
99	361.53845	146.42003	627.5	147.5	242.6923	100.38762	33.754883	120.8725	-5.7741146	400000	-1.1175871e-08	612.1185	-0.017378978	-202.82762	0.6164989	0.015648954	0.2185	9.0	218.89155435562134
100	442.1	222.61153	861.5	147.5	296.4	107.09785	30.919617	121.29872	2.262607	404000	1.4901161e-08	442.00214	-0.0151560195	-80.256714	0.61518675	0.015877955	0.23275	10.0	220.45138335227966
101	687.5	293.53918	1113.5	294.5	460.0	112.46641	26.805937	122.42129	-1.8326597	408000	-5.2154064e-08	430.3506	-0.01978711	-70.22394	0.6125173	0.015964478	0.22549999	13.0	222.04305934906006
102	585.5	204.52559	951.5	356.0	392.0	112.75851	27.532873	124.32147	0.93929195	412000	0.0	373.2972	-0.0117590455	-95.28317	0.60954434	0.016024355	0.25624996	7.0	223.60473489761353
103	636.8125	410.38907	1500.0	159.5	426.0	111.73333	30.52886	125.903656	-1.6403065	416000	-2.2351742e-08	523.6583	-0.016212553	-152.78786	0.60897976	0.016693875	0.20525	8.0	225.1786389350891
104	453.36365	371.52487	1497.5	176.0	303.9091	107.376175	34.18549	127.13051	2.2363415	420000	1.4901161e-08	348.53644	-0.03900113	-64.04846	0.60852104	0.013435794	0.2445	79.0	226.95608067512512
105	508.66666	224.59273	989.0	210.5	340.77777	110.62039	32.052414	127.84287	2.7234325	424000	3.7252903e-09	314.86612	-0.02186891	-86.83247	0.6053961	0.015637571	0.235	13.0	228.58656668663025
106	655.75	273.5536	1091.0	308.0	438.83334	116.15044	28.70808	128.4118	-5.372603	428000	2.2351742e-08	374.08514	-0.015329685	-98.6197	0.60555595	0.01721125	0.23324999	9.0	230.1438045501709
107	679.7857	332.5126	1208.0	233.0	454.85715	115.89846	28.970655	129.62668	-0.8557577	432000	1.1175871e-08	400.51672	-0.014559883	-156.28989	0.6050962	0.015160315	0.213	9.0	231.69392728805542
108	909.6	549.79364	1500.0	149.0	607.4	124.99128	19.010946	130.6901	8.215261	436000	3.7252903e-09	448.636	-0.024009153	-135.70898	0.60447365	0.015154103	0.248	18.0	233.29595971107483
109	619.0625	351.26428	1349.0	162.5	414.375	119.909515	31.431082	132.36835	-0.8677206	440000	1.1175871e-08	348.22754	-0.018760685	-116.93235	0.6047052	0.015824845	0.21724999	12.0	234.86399245262146
110	563.6111	415.6627	1500.0	116.0	377.22223	118.175	32.995777	132.86465	-4.9020567	444000	1.4901161e-08	365.7001	-0.016908532	-104.55263	0.6051559	0.015579926	0.25075	12.0	236.4606544971466
111	431.5	222.11597	845.0	195.5	289.33334	124.281654	27.737593	133.61598	-7.155797	448000	-1.3038516e-08	352.02484	-0.012741474	-104.897125	0.6055125	0.015599713	0.17074999	8.0	238.01720929145813
112	582.875	199.6293	801.5	243.5	390.25	114.58136	35.098885	134.55093	-8.862913	452000	1.3737008e-08	366.3235	-0.019003378	-143.23302	0.6051327	0.015048281	0.254	14.0	239.69169235229492
113	421.14285	194.92229	755.0	171.5	282.42856	122.87655	30.414686	134.82571	1.9573016	456000	0.0	373.12375	-0.019122358	-145.70592	0.60338026	0.015016038	0.23375	15.0	241.27802205085754
114	1044.9	445.96417	1500.0	296.0	697.6	127.01072	21.976156	135.20775	7.6044035	460000	-7.450581e-09	450.1137	-0.01788162	-175.74274	0.6025363	0.015236189	0.22925	11.0	242.83399367332458
115	553.5714	406.10223	1400.0	156.5	370.7143	124.77862	32.063786	136.24559	-5.406529	464000	-1.4901161e-08	336.4906	-0.017357178	-108.93103	0.6021136	0.015355252	0.23324999	12.0	244.42807817459106
116	578.25	231.46288	911.0	257.0	387.16666	121.94212	31.762514	136.76192	-9.203971	468000	-2.7939677e-08	273.60208	-0.018356314	-119.0399	0.6019457	0.015289212	0.243	14.0	245.984539270401
117	615.5	293.63626	989.0	221.0	412.0	125.56961	27.797077	137.1843	6.1365905	472000	2.3283064e-10	482.08246	-0.02337758	-116.25227	0.6021956	0.015247838	0.22649999	17.0	247.5098578929901
118	617.9167	478.6141	1500.0	195.5	413.33334	124.396935	29.711477	137.08412	-6.420328	476000	0.0	358.31598	-0.01509159	-156.83315	0.6018193	0.016217286	0.24325	8.0	249.0424678325653
119	653.0	386.02286	1344.5	131.0	437.0	128.0445	28.727243	138.09772	-3.5507755	480000	0.0	427.09064	-0.01421414	-181.7172	0.6011661	0.016719908	0.22299999	7.0	250.57718300819397
120	702.1667	413.04608	1500.0	182.0	469.5	128.04607	28.51527	138.23984	-5.790538	484000	-2.6077032e-08	436.13214	-0.019775547	-115.128265	0.6001206	0.015201306	0.22299999	17.0	252.13994669914246
121	775.9	412.68054	1500.0	305.0	518.6	127.90607	27.696316	138.3645	-3.211935	488000	-2.0489097e-08	332.6281	-0.017637122	-104.004105	0.59695613	0.015399165	0.251	12.0	253.69266748428345
122	804.6667	375.12485	1500.0	380.0	537.8333	127.9407	28.66932	138.64459	-8.705511	492000	7.450581e-09	208.95401	-0.013556076	-59.891014	0.5948994	0.01588645	0.27574998	10.0	255.22864246368408
123	913.2	527.07764	1500.0	315.5	609.8	131.92621	21.940847	139.28796	7.283248	496000	3.7252903e-09	258.28513	-0.015714122	-112.64912	0.5938426	0.01766808	0.24025	8.0	256.76297998428345
124	466.7857	318.09946	1035.5	108.5	312.85715	126.87236	33.26729	140.24666	0.9665108	500000	-1.1175871e-08	277.37695	-0.011542999	-68.15363	0.59265983	0.016108172	0.15975001	8.0	258.3126971721649
125	934.6	394.62225	1500.0	308.0	624.4	130.50015	28.2879	140.38835	-0.9598923	504000	-1.3038516e-08	245.3584	-0.012459928	-90.82892	0.59104925	0.015995994	0.23550001	9.0	259.85513496398926
126	925.0	578.77594	1500.0	170.0	618.0	129.35709	28.034136	140.985	-3.5007915	508000	-5.5879354e-09	385.22412	-0.014580143	-236.2972	0.5899081	0.0151648065	0.20825	9.0	261.389928817749
127	814.4167	484.86154	1500.0	284.0	544.3333	129.72784	31.558157	141.86786	7.327633	512000	1.8626451e-08	324.76007	-0.015005348	-105.361465	0.58893865	0.015011915	0.23125	9.0	262.9385268688202
128	1378.625	210.22766	1500.0	1014.5	919.5	138.97212	15.616136	141.91792	7.846758	516000	-3.7252903e-09	105.007904	-0.013652166	-44.299023	0.5885241	0.015491315	0.23324999	8.0	264.51060724258423
129	665.1667	464.00043	1500.0	137.0	444.83334	135.50934	26.768744	143.33682	3.0029597	520000	-7.450581e-09	291.13693	-0.010985224	-121.41812	0.588388	0.015233438	0.23875	9.0	266.0389277935028
130	776.75	419.852	1374.5	219.5	519.5	133.80573	27.382381	143.41017	-0.72100353	524000	-2.7939677e-09	271.35577	-0.010344631	-100.915634	0.58783	0.017082606	0.20750001	6.0	267.5964696407318
131	1160.4	376.83224	1500.0	621.5	774.6	137.45312	23.526854	143.47383	-1.3975725	528000	1.6763806e-08	223.23495	-0.014641875	-53.990658	0.58717936	0.015656002	0.2165	8.0	269.1380784511566
132	780.8333	557.3753	1500.0	153.5	521.6667	135.55135	25.88464	143.63979	6.3066015	532000	-1.8626451e-09	189.7969	-0.012558678	-65.8786	0.5861632	0.015540494	0.18925	7.0	270.67764949798584
133	1149.375	350.2894	1500.0	581.0	767.5	136.4745	25.73133	144.18497	-4.6458416	536000	2.7939677e-09	142.33246	-0.0115573825	-50.279545	0.585313	0.017100543	0.21849999	9.0	272.2314794063568
134	909.6	511.92163	1500.0	203.0	607.4	133.53238	28.75129	144.37503	1.7271795	540000	3.3527613e-08	140.11894	-0.013364983	-52.308838	0.58401287	0.015466925	0.242	9.0	273.79236102104187
135	793.0	366.35324	1500.0	443.0	530.0	137.01247	26.623493	144.78537	-1.553483	544000	1.1175871e-08	225.69676	-0.018180504	-63.928246	0.5831835	0.016076595	0.22525	14.0	275.32793283462524
136	957.0	534.70917	1500.0	312.5	639.25	133.3669	28.32171	144.29967	2.699216	548000	-7.450581e-09	199.9072	-0.015816	-113.2332	0.5829784	0.016955797	0.24875	11.0	276.8800494670868
137	1208.875	397.73615	1500.0	534.5	806.75	140.74474	19.27974	144.95442	-1.1283083	552000	-2.2351742e-08	138.34676	-0.016458895	-34.000977	0.58284956	0.016056623	0.24149999	9.0	278.42280983924866
138	922.2	514.76776	1500.0	162.5	615.8	141.69081	18.157238	145.38544	-3.6562185	556000	0.0	279.15015	-0.015235867	-138.8658	0.5813828	0.016475722	0.242	9.0	279.9844000339508
139	743.4167	422.6803	1500.0	215.0	497.0	132.35204	33.672863	145.38719	-9.583254	560000	-4.284084e-08	210.63394	-0.01883575	-81.216896	0.5806071	0.015101033	0.2515	14.0	281.54192757606506
140	794.5	429.74283	1500.0	245.0	531.0	136.45372	26.284178	144.95552	-2.4987602	564000	-7.450581e-09	251.02782	-0.011893568	-65.50561	0.5808761	0.016290328	0.15325001	9.0	283.11962056159973
141	1295.0	355.0704	1500.0	680.0	863.75	139.96663	15.063222	144.37982	30.43747	568000	4.656613e-09	257.6311	-0.013338365	-128.93065	0.5807415	0.0153772365	0.1805	8.0	284.65797781944275
142	663.1667	495.96832	1500.0	222.5	443.5	135.36885	27.772453	145.28453	-9.386573	572000	-2.2351742e-08	357.84088	-0.017064337	-199.28961	0.5797212	0.015340428	0.23225	12.0	286.2204625606537
143	1081.3	408.54947	1500.0	306.5	722.2	133.12201	29.450243	144.8505	-2.1870184	576000	1.4901161e-08	229.21533	-0.009013271	-113.31793	0.57825875	0.015358588	0.17975	7.0	287.7680072784424
144	1457.75	73.179146	1500.0	1331.0	972.25	138.71448	19.183502	144.69615	-5.213379	580000	-1.8626451e-09	161.90228	-0.016505241	-100.95348	0.57754534	0.016350582	0.22675	13.0	289.4049572944641
145	964.0	557.0468	1500.0	213.5	643.5	141.31468	18.834259	145.57703	4.3038154	584000	3.7252903e-09	126.24256	-0.015806949	-57.204063	0.5752474	0.015852265	0.207	9.0	290.95350527763367
146	1500.0	0.0	1500.0	1500.0	1000.0	145.4298	5.2086887	146.41757	79.77504	588000	-7.450581e-09	39.8518	-0.012844867	-29.122965	0.5739069	0.01595607	0.1535	8.0	292.50301003456116
147	715.2857	416.32764	1500.0	246.5	478.2857	136.9185	31.2606	147.53574	-10.9087	592000	-2.9802322e-08	355.53033	-0.017118866	-164.96628	0.5736348	0.015330209	0.251	11.0	294.0529463291168
148	1208.75	504.4598	1500.0	335.0	806.25	140.9104	16.230762	145.73361	8.404902	596000	-4.656613e-09	148.05469	-0.019863255	-114.63879	0.57386637	0.015061872	0.2095	17.0	295.6599452495575
149	1500.0	0.0	1500.0	1500.0	1000.0	146.39015	3.1005445	146.85593	82.77687	600000	-1.4901161e-08	21.020931	-0.013021959	-17.690773	0.57375574	0.016061613	0.2465	9.0	297.1836664676666
150	1242.375	208.79037	1500.0	921.5	829.5	138.82834	26.48205	148.01593	5.2615433	604000	0.0	369.73236	-0.012390974	-205.078	0.573587	0.015165882	0.20475	8.0	298.7482602596283
151	1445.0	95.262794	1500.0	1280.0	963.75	142.49725	16.552141	146.9782	3.4576883	608000	1.3271347e-08	59.839294	-0.0115605835	-27.083565	0.5728282	0.017392335	0.18975	7.0	300.31312251091003
152	1199.875	303.03516	1500.0	840.5	800.75	144.15382	18.002018	147.58025	-6.937418	612000	7.450581e-09	136.38345	-0.012286944	-45.42163	0.57242113	0.017093897	0.18400002	8.0	301.8808546066284
153	1385.0	199.18584	1500.0	1040.0	923.75	144.97075	13.997753	147.23924	1.5991364	616000	1.1175871e-08	62.43928	-0.013161024	-11.59844	0.5726824	0.015450402	0.19925	12.0	303.46054315567017
154	1436.0	110.85125	1500.0	1244.0	957.75	145.6042	12.336136	147.71042	10.809581	620000	1.4901161e-08	60.723377	-0.014767276	-32.219013	0.5728567	0.015591051	0.25175	14.0	305.03128266334534
155	1500.0	0.0	1500.0	1500.0	1000.0	147.76816	2.2381752	148.16441	113.02219	624000	-9.313226e-09	8.945808	-0.011693569	-7.3907948	0.5726925	0.017377518	0.224	9.0	306.5928521156311
156	1495.25	8.2272415	1500.0	1481.0	997.25	146.02078	15.652193	148.89444	8.639849	628000	3.7252903e-09	48.79085	-0.016916664	-19.229706	0.571321	0.016577832	0.26925	12.0	308.1609151363373
157	1488.125	20.568104	1500.0	1452.5	992.5	146.11551	15.966172	148.83916	7.929651	632000	2.6077032e-08	134.7241	-0.015518907	-21.331808	0.5715771	0.016430762	0.2065	10.0	309.6871712207794
158	1050.375	339.04153	1500.0	666.5	701.5	141.81268	23.961033	147.77594	-1.1141739	636000	-3.7252903e-09	177.57669	-0.013440126	-71.982834	0.5718261	0.015593031	0.247	11.0	311.26631689071655
159	1500.0	0.0	1500.0	1500.0	1000.0	146.39879	2.9027138	147.02905	107.65162	640000	1.3038516e-08	19.426018	-0.016703164	-16.81892	0.57232356	0.015688803	0.25125	15.0	312.8682532310486
160	903.9	570.4227	1500.0	158.0	603.6	143.77931	20.812126	148.26651	2.1135406	644000	7.450581e-09	230.30246	-0.017073419	-101.54869	0.5711069	0.015247088	0.22725001	12.0	314.4835555553436
161	1388.375	193.34016	1500.0	1053.5	926.0	142.82603	18.505133	147.49162	-5.7788773	648000	1.8626451e-09	112.94264	-0.01935892	-90.42784	0.5693597	0.016071144	0.25199997	15.0	316.038298368454
162	1500.0	0.0	1500.0	1500.0	1000.0	147.72647	2.6984084	148.09511	86.47182	652000	1.3038516e-08	11.88942	-0.01226726	-10.934229	0.5664431	0.016273558	0.18924999	9.0	317.5878322124481
163	1500.0	0.0	1500.0	1500.0	1000.0	148.9548	0.082244955	148.96252	145.6162	656000	-1.5692785e-07	0.938204	-0.00961345	-0.6880016	0.56448925	0.01651581	0.2725	13.0	319.1161618232727
164	1461.875	66.03444	1500.0	1347.5	975.0	147.71097	13.289611	149.45825	11.918216	660000	-7.450581e-09	73.40905	-0.013616513	-17.67433	0.5627701	0.015391597	0.24825	12.0	320.668493270874
165	1500.0	0.0	1500.0	1500.0	1000.0	148.60966	2.3203473	148.88872	98.98034	664000	-4.656613e-09	7.0958652	-0.013163866	-6.704719	0.56194437	0.015230671	0.1935	10.0	322.1981875896454
166	1245.625	344.83246	1500.0	662.0	831.25	146.32637	18.146343	149.38638	-1.253231	668000	-2.9802322e-08	181.59143	-0.013363764	-81.38751	0.5608938	0.01565677	0.14250001	8.0	323.7456295490265
167	893.625	463.63797	1500.0	309.5	597.0	142.14221	22.822725	148.09995	7.84124	672000	-3.7252903e-09	173.3003	-0.020066116	-65.30414	0.55941856	0.015128506	0.26575	18.0	325.3138551712036
168	1500.0	0.0	1500.0	1500.0	1000.0	145.83095	6.7145357	147.1218	67.025635	676000	-3.7252903e-09	60.929462	-0.019477	-58.885635	0.55754006	0.015376594	0.2885	19.0	326.870320558548
169	1500.0	0.0	1500.0	1500.0	1000.0	148.39328	1.1042156	148.46388	102.89418	680000	6.519258e-09	3.4480953	-0.00816327	-2.9579825	0.5580443	0.015512048	0.19025	14.0	328.43134570121765
170	1500.0	0.0	1500.0	1500.0	1000.0	149.23387	0.35235596	149.24771	128.58737	684000	1.7345883e-08	0.6158339	-0.0069725295	-0.49503386	0.55868554	0.015039045	0.22375	26.0	330.0378439426422
171	874.5	513.86096	1500.0	360.5	584.0	145.55797	20.837234	149.64001	-7.43865	688000	0.0	311.26532	-0.013988633	-180.76778	0.55923945	0.015094316	0.26700002	11.0	331.65098571777344
172	1500.0	0.0	1500.0	1500.0	1000.0	145.30075	10.9071665	147.68202	44.107346	692000	-1.3038516e-08	139.69717	-0.016840264	-138.2969	0.55911326	0.015226055	0.23224999	13.0	333.2181260585785
173	919.5	492.82288	1500.0	141.5	614.25	144.59807	20.34577	148.70575	-7.4957476	696000	0.0	263.49707	-0.015605862	-172.75294	0.55689627	0.015266996	0.26450002	13.0	334.7761526107788
174	898.8	534.3864	1500.0	150.5	600.2	141.1767	22.84007	147.64725	5.1854153	700000	-2.6077032e-08	192.48267	-0.01392163	-89.61573	0.5562184	0.01502631	0.22025001	8.0	336.32382678985596
175	1500.0	0.0	1500.0	1500.0	1000.0	146.02597	3.8719573	147.15462	85.17556	704000	9.313226e-10	28.518658	-0.014411439	-26.454563	0.55542135	0.01615507	0.25925	13.0	337.8922779560089
176	1500.0	0.0	1500.0	1500.0	1000.0	148.25987	2.7285502	148.49463	87.188965	708000	-2.7939677e-09	10.0597	-0.011863181	-9.552888	0.55368453	0.015335319	0.2075	11.0	339.5450758934021
177	1496.75	5.629165	1500.0	1487.0	998.25	147.5042	13.430778	149.25793	8.381519	712000	-1.4901161e-08	72.314156	-0.011777759	-45.328876	0.5517599	0.0151163675	0.27125	9.0	341.08795189857483
178	1500.0	0.0	1500.0	1500.0	1000.0	147.96982	6.269878	149.03975	81.03891	716000	7.450581e-09	42.66437	-0.010823757	-42.380123	0.5512233	0.016069843	0.23775	8.0	342.6107473373413
179	1471.625	49.146942	1500.0	1386.5	981.5	148.0419	12.71762	149.53535	6.6441298	720000	0.0	93.76056	-0.013277013	-28.314693	0.55082506	0.016072486	0.29575002	11.0	344.15734672546387
180	1011.9	471.09515	1500.0	233.0	675.6	143.13792	23.62981	148.75739	-4.199545	724000	2.2351742e-08	174.48262	-0.012532342	-70.804184	0.5497112	0.015114125	0.23	11.0	345.7066762447357
181	897.4167	383.61218	1500.0	432.5	599.6667	137.55034	29.952402	147.45206	-2.8321714	728000	2.2351742e-08	323.21558	-0.013438112	-125.17287	0.5502821	0.015404147	0.1905	10.0	347.2457880973816
182	930.75	375.09872	1500.0	510.5	621.75	135.2828	24.479996	145.08946	1.2203689	732000	-1.4901161e-08	162.84525	-0.016292492	-41.023247	0.5506615	0.015212543	0.20300001	12.0	348.8271551132202
183	1175.0	562.9165	1500.0	200.0	783.75	141.95044	15.320658	145.51447	0.29640388	736000	1.4901161e-08	74.02989	-0.03176338	-39.20588	0.5499994	0.01507834	0.3135	64.0	350.5488963127136
184	1207.75	310.54178	1500.0	767.0	806.0	142.81206	19.5872	147.28667	-1.2862682	740000	-2.6077032e-08	279.3272	-0.03493292	-102.52644	0.54314786	0.008891713	0.28925002	79.0	352.3779921531677
185	1402.25	169.30797	1500.0	1109.0	935.25	142.48915	16.588966	145.859	5.127899	744000	1.4901161e-08	105.211655	-0.01612465	-72.08034	0.5415013	0.017693538	0.20625001	11.0	353.91409254074097
186	1500.0	0.0	1500.0	1500.0	1000.0	146.64809	1.8085064	146.96701	109.48361	748000	5.7043508e-09	13.009699	-0.012977215	-10.818728	0.53981066	0.015076043	0.27025	11.0	355.44932103157043
187	1314.25	293.29773	1500.0	807.5	877.0	144.79207	17.982773	148.3906	-6.249073	752000	2.9802322e-08	186.64159	-0.017424945	-124.74812	0.53856236	0.015033487	0.2865	13.0	357.0270369052887
188	943.0	559.41943	1500.0	312.5	629.5	143.24213	19.357653	147.80357	6.3625727	756000	-2.7939677e-08	194.91766	-0.011825505	-98.87038	0.53816944	0.015347333	0.20050001	9.0	358.5756437778473
189	1053.3	413.53494	1500.0	557.0	703.2	140.89012	22.219372	147.51768	-9.443075	760000	5.5879354e-09	258.88226	-0.013546027	-122.221466	0.53865665	0.016435634	0.2015	8.0	360.14577865600586
190	1018.1	610.00574	1500.0	51.5	679.4	144.4398	13.532464	146.66986	-1.8590326	764000	7.450581e-09	206.68092	-0.013387423	-93.307396	0.5388911	0.015886264	0.27025002	12.0	361.7152945995331
191	1500.0	0.0	1500.0	1500.0	1000.0	146.11421	4.2254643	147.01588	75.79155	768000	5.122274e-09	31.109854	-0.01583475	-29.182158	0.5386241	0.015020339	0.2165	15.0	363.29975175857544
192	1265.375	406.38242	1500.0	561.5	844.0	146.73549	13.707815	148.51033	-9.892657	772000	-1.4901161e-08	71.65878	-0.012855902	-6.863098	0.538424	0.017224126	0.228	10.0	364.9210674762726
193	897.7	427.2115	1500.0	285.5	599.8	140.18329	28.053839	148.35526	-9.284257	776000	-7.450581e-09	236.47885	-0.020338021	-73.154076	0.5382124	0.015458934	0.29075003	16.0	366.50514340400696
194	1018.0	493.08063	1500.0	389.0	679.5	142.2911	17.396368	146.27661	7.570022	780000	-1.4901161e-08	178.57817	-0.014171455	-68.10553	0.5372984	0.015567909	0.26700002	11.0	368.08793115615845
195	1193.0	531.7396	1500.0	272.0	795.75	141.14357	20.453667	146.35031	3.1539593	784000	6.2864274e-09	121.1015	-0.01856998	-109.13291	0.5359068	0.015202023	0.26599997	14.0	369.67464113235474
196	1397.0	178.40123	1500.0	1088.0	931.75	143.82607	18.203054	147.90163	-12.302627	788000	-1.4901161e-08	88.30669	-0.015033094	-37.430984	0.5346183	0.015121441	0.24825	12.0	371.2589101791382
197	944.125	602.6606	1500.0	59.0	630.25	145.97377	12.917094	147.8653	-2.451045	792000	7.450581e-09	198.25273	-0.014020044	-68.72388	0.5344435	0.01524237	0.18900001	10.0	372.8088712692261
198	1302.875	341.4305	1500.0	711.5	869.0	145.79811	12.712451	147.56476	8.299906	796000	-1.4901161e-08	90.83684	-0.012213111	-16.419868	0.53427064	0.016039822	0.1585	7.0	374.3485014438629
199	1325.5	200.9745	1500.0	1010.0	884.5	142.98228	21.311838	147.65547	-6.6490355	800000	-1.8626451e-08	156.34012	-0.011041829	-87.71482	0.5341109	0.015413929	0.1965	7.0	375.9067840576172
200	1464.125	62.13732	1500.0	1356.5	976.5	143.384	16.693497	147.22906	-2.3629923	804000	-2.2351742e-08	149.94925	-0.012092633	-84.259445	0.5342278	0.01563096	0.16600001	8.0	377.4613182544708
201	943.125	454.29785	1500.0	255.5	630.0	140.23726	26.197252	147.22353	-4.96047	808000	-1.8626451e-09	215.24274	-0.01898836	-46.654324	0.5342992	0.015033489	0.18675	17.0	379.06371331214905
202	918.3	499.834	1500.0	249.5	613.2	139.41728	23.184122	145.36832	-5.5704393	812000	0.0	144.78801	-0.019450065	-48.0354	0.5326948	0.015064651	0.2565	15.0	380.6253983974457
203	1337.75	281.02524	1500.0	851.0	892.25	142.30971	15.539615	145.47949	0.2325716	816000	-7.450581e-09	130.8928	-0.021854889	-72.37359	0.5313491	0.01580721	0.276	17.0	382.2207489013672
204	1500.0	0.0	1500.0	1500.0	1000.0	145.97432	6.918232	146.84561	45.263588	820000	-3.7252903e-09	62.347466	-0.015368462	-60.40116	0.5310431	0.01737224	0.24575001	10.0	383.7589485645294
205	894.25	606.12134	1500.0	258.5	597.0	146.57445	13.377551	148.55145	8.354607	824000	3.7252903e-09	286.16003	-0.009724058	-184.85083	0.5298938	0.015191938	0.19049999	10.0	385.3086392879486
206	1500.0	0.0	1500.0	1500.0	1000.0	147.15112	6.1009927	148.18364	63.111572	828000	3.7252903e-09	43.808464	-0.012870088	-43.14674	0.529295	0.015304797	0.20899999	10.0	386.85515809059143
207	1500.0	0.0	1500.0	1500.0	1000.0	149.0444	1.3883646	149.16508	91.004196	832000	-2.2584572e-08	2.6527658	-0.008786945	-2.4138327	0.5286044	0.015603042	0.16675	9.0	388.3883078098297
208	1157.125	380.48132	1500.0	581.0	772.25	146.35916	18.13972	149.64818	-7.068342	836000	0.0	163.63531	-0.011697561	-88.39585	0.5276674	0.019038245	0.22575	7.0	389.9302725791931
209	1215.125	493.41797	1500.0	360.5	810.5	145.21109	15.182392	148.29573	4.0269217	840000	-1.4901161e-08	139.07599	-0.011983903	-57.57389	0.52733576	0.016486604	0.23875001	7.0	391.5473403930664
210	1148.3	432.99582	1500.0	551.0	766.2	144.22954	19.65751	148.1402	-6.708108	844000	2.2351742e-08	167.9074	-0.00741544	-63.529427	0.527555	0.01694243	0.23675	5.0	393.095477104187
211	962.25	556.8288	1500.0	135.5	642.3333	144.8175	14.290534	147.14105	-5.239519	848000	-2.2351742e-08	456.7034	-0.009317674	-247.03354	0.527463	0.016247466	0.221	7.0	394.6413314342499
212	1195.75	305.9094	1500.0	846.5	798.0	142.0688	17.597536	145.9125	9.509869	852000	1.4901161e-08	138.34898	-0.014777144	-42.79569	0.52688986	0.0151962545	0.21724999	8.0	396.18379044532776
213	1452.875	81.622894	1500.0	1311.5	969.0	143.69832	15.721944	146.19168	-3.7113762	856000	7.450581e-09	66.17795	-0.013347074	-17.56461	0.5266013	0.018671885	0.27075	8.0	397.71074652671814
214	1500.0	0.0	1500.0	1500.0	1000.0	147.21066	1.442445	147.38008	111.19451	860000	1.7229468e-08	8.717132	-0.009399202	-7.5781746	0.52675796	0.0153498	0.23324999	11.0	399.2715539932251
215	1168.25	574.60785	1500.0	173.0	779.25	146.67757	15.014311	148.88954	0.09878063	864000	2.2351742e-08	30.558662	-0.0133354645	-17.895864	0.52681834	0.015011317	0.21100001	8.0	400.8145914077759
216	1500.0	0.0	1500.0	1500.0	1000.0	149.32657	1.2470884	149.42189	94.57662	868000	-8.8475645e-09	1.9060752	-0.008129457	-1.404711	0.52590984	0.016480213	0.19625	10.0	402.3905327320099
217	1500.0	0.0	1500.0	1500.0	1000.0	149.07878	4.850924	149.66599	67.9164	872000	3.7252903e-09	24.356112	-0.011624623	-24.323456	0.5253169	0.015135774	0.19325	8.0	403.94919538497925
218	1500.0	0.0	1500.0	1500.0	1000.0	149.6231	2.9744074	149.89601	75.801956	876000	-1.8626451e-09	8.976423	-0.010747872	-8.957652	0.52481955	0.015465833	0.199	13.0	405.4853174686432
219	1500.0	0.0	1500.0	1500.0	1000.0	149.79237	2.2957754	149.97441	96.25365	880000	6.9849193e-09	5.3132014	-0.011229618	-5.2956996	0.52256316	0.015151851	0.2475	11.0	407.0266683101654
220	1500.0	0.0	1500.0	1500.0	1000.0	150.00781	0.022633405	150.00957	148.74623	884000	-1.3969839e-09	0.00056420686	-0.005377788	-7.615478e-05	0.52087873	0.016491814	0.175	10.0	408.5716416835785
221	1500.0	0.0	1500.0	1500.0	1000.0	150.00294	0.016337402	150.0048	149.43263	888000	3.0267984e-09	0.00027506743	-0.01000635	-9.494164e-06	0.51984644	0.015835011	0.19525	10.0	410.122980594635
222	1490.0	17.320509	1500.0	1460.0	993.75	148.30484	13.47925	150.00282	0.13848877	892000	-1.4901161e-08	77.286964	-0.014055118	-32.528824	0.51969266	0.016054384	0.28575	13.0	411.71537375450134
223	986.125	520.57666	1500.0	354.5	658.25	145.36324	19.774614	148.91132	-4.737752	896000	-7.450581e-09	148.59938	-0.013491372	-51.78372	0.5194278	0.015210933	0.2655	9.0	413.2586603164673
224	1181.9	389.6563	1500.0	693.5	788.6	141.62544	22.638733	147.51219	-6.6069355	900000	-7.450581e-09	167.22032	-0.014613447	-68.88805	0.5196445	0.01854784	0.251	9.0	414.8231608867645
225	1500.0	0.0	1500.0	1500.0	1000.0	146.82275	0.9312892	146.87502	100.06228	904000	-1.7229468e-08	9.497777	-0.006551114	-8.332678	0.5193298	0.016614545	0.2015	8.0	416.43231987953186
226	1500.0	0.0	1500.0	1500.0	1000.0	148.63457	2.8660538	148.84149	82.54297	908000	5.5879354e-09	9.876083	-0.011997052	-9.7426605	0.51852757	0.01595508	0.211	10.0	417.9872646331787
227	1500.0	0.0	1500.0	1500.0	1000.0	149.63309	0.10332928	149.64095	144.89566	912000	1.21071935e-08	0.123576395	-0.0064524063	-0.10694463	0.5178277	0.01570638	0.14750001	11.0	419.542516708374
228	1500.0	0.0	1500.0	1500.0	1000.0	149.88585	0.10026913	149.8917	144.26921	916000	7.450581e-09	0.021060497	-0.005537058	-0.015962843	0.5172631	0.01615467	0.1825	12.0	421.0821306705475
229	1148.9	459.09045	1500.0	368.0	766.6	146.52399	18.976978	149.9709	-7.3898163	920000	1.4901161e-08	147.31328	-0.015743233	-94.73845	0.51680005	0.016849633	0.23875001	10.0	422.6243348121643
230	1500.0	0.0	1500.0	1500.0	1000.0	147.3377	5.7574115	148.54941	87.353455	924000	2.0489097e-08	39.618454	-0.009607786	-39.359146	0.51645744	0.016269	0.2435	8.0	424.1752576828003
231	1500.0	0.0	1500.0	1500.0	1000.0	149.46745	0.1470992	149.48079	144.9948	928000	3.3993274e-08	0.26474702	-0.0096038105	-0.23029467	0.5165553	0.015986841	0.243	11.0	425.7314040660858
232	1278.5	383.64926	1500.0	614.0	852.75	147.58635	14.656519	149.85512	-8.260434	932000	1.1175871e-08	52.642757	-0.011286907	-14.901021	0.51629055	0.015288853	0.18375	6.0	427.3205976486206
233	1500.0	0.0	1500.0	1500.0	1000.0	148.94649	0.86619675	148.98994	117.6212	936000	-2.8405339e-08	1.689779	-0.009392423	-1.5867329	0.5163375	0.016062036	0.20899999	11.0	428.8760452270508
234	1500.0	0.0	1500.0	1500.0	1000.0	149.66678	0.01958827	149.66846	148.6798	940000	-1.7578714e-07	0.09475721	-0.008769218	-0.086869635	0.5165999	0.016225686	0.19549999	10.0	430.44264674186707
235	1441.625	101.10847	1500.0	1266.5	961.5	149.43184	5.032762	149.91365	70.985756	944000	7.450581e-09	187.76762	-0.015753258	-151.88086	0.51627356	0.015970219	0.23124999	15.0	432.0347023010254
236	1500.0	0.0	1500.0	1500.0	1000.0	145.86615	11.152614	148.92883	46.850468	948000	-3.7252903e-09	125.673195	-0.032542154	-121.4456	0.51657873	0.015221301	0.302	77.0	433.85351371765137
237	1500.0	0.0	1500.0	1500.0	1000.0	149.32353	0.014572726	149.32458	148.6408	952000	5.2992254e-07	0.38974193	-0.013896804	-0.35355222	0.51122177	0.016014598	0.26775	10.0	435.3997700214386
238	1470.125	51.745018	1500.0	1380.5	980.5	148.97388	7.886185	149.80286	44.2331	956000	1.4901161e-08	142.62401	-0.0113269985	-96.22577	0.5105997	0.015781578	0.174	12.0	436.9641783237457
239	1500.0	0.0	1500.0	1500.0	1000.0	146.9802	9.462887	148.70944	62.37323	960000	9.313226e-09	94.65703	-0.01616045	-87.422745	0.5112286	0.0150513705	0.22325	14.0	438.51915311813354
240	1500.0	0.0	1500.0	1500.0	1000.0	149.25343	0.08501583	149.25996	147.01294	964000	1.215376e-07	0.48228997	-0.010052797	-0.4372245	0.51034844	0.015838414	0.2315	11.0	440.07865953445435
241	1429.625	121.893074	1500.0	1218.5	953.5	149.29594	5.444624	149.80121	39.933464	968000	1.4901161e-08	185.64224	-0.013188731	-150.88011	0.5081681	0.015727017	0.24625	12.0	441.73265957832336
242	1366.25	231.66179	1500.0	965.0	911.25	146.29741	15.342775	148.90843	5.1359015	972000	-2.9802322e-08	66.19975	-0.010919872	-11.905884	0.5074468	0.018060686	0.25525	7.0	443.2396023273468
243	1500.0	0.0	1500.0	1500.0	1000.0	147.29317	9.818636	148.37677	29.628874	976000	0.0	71.4804	-0.009015765	-11.087663	0.50736314	0.01650548	0.22874999	8.0	444.7820906639099
244	1425.125	129.6873	1500.0	1200.5	950.5	145.33209	15.498616	148.14162	11.718619	980000	2.2351742e-08	86.02081	-0.013634689	-37.96894	0.50719506	0.015935399	0.18075	6.0	446.32013034820557
245	1500.0	0.0	1500.0	1500.0	1000.0	147.9691	2.545675	148.20671	85.81767	984000	-9.313226e-09	10.124609	-0.010659466	-9.886251	0.50709677	0.017353984	0.25325	9.0	447.8928596973419
246	1500.0	0.0	1500.0	1500.0	1000.0	149.57011	0.049751855	149.5761	148.15692	988000	9.452924e-08	0.16027398	-0.0118322	-0.14857751	0.5074019	0.015773226	0.22549999	10.0	449.45030307769775
247	1500.0	0.0	1500.0	1500.0	1000.0	149.89175	0.32591885	149.9163	138.1409	992000	9.313226e-09	0.116733365	-0.009451315	-0.105242655	0.5073649	0.0163444	0.17975	9.0	450.9835081100464
248	1262.75	410.92905	1500.0	551.0	842.25	147.51352	15.47599	149.99518	6.728265	996000	-1.4901161e-08	39.0921	-0.012523601	-9.338549	0.50784415	0.0155938985	0.193	9.0	452.56527304649353
249	1500.0	0.0	1500.0	1500.0	1000.0	149.00897	0.32005697	149.03058	137.56715	1000000	-1.4901161e-08	0.91380394	-0.008460856	-0.848186	0.5086445	0.016447026	0.2895	10.0	454.12035369873047
250	1500.0	0.0	1500.0	1500.0	1000.0	149.74702	0.7771235	149.78397	113.200424	1004000	1.5832484e-08	0.6608905	-0.006257781	-0.644395	0.509321	0.017125139	0.15	7.0	455.66784286499023
251	1500.0	0.0	1500.0	1500.0	1000.0	149.29956	7.0375514	149.97273	47.19671	1008000	0.0	66.67334	-0.007288579	-8.910694	0.5092602	0.015131687	0.225	5.0	457.19426822662354
252	1500.0	0.0	1500.0	1500.0	1000.0	148.42284	1.0425416	148.49384	114.19351	1012000	9.313226e-09	3.2346423	-0.008726567	-3.0942855	0.50914717	0.017959379	0.25599998	7.0	458.77546763420105
253	1500.0	0.0	1500.0	1500.0	1000.0	149.67175	0.10984456	149.67854	144.88881	1016000	6.519258e-09	0.10346919	-0.006676359	-0.09271474	0.50900745	0.015707964	0.195	12.0	460.4390094280243
