Epoch	AverageEpRet	StdEpRet	MaxEpRet	MinEpRet	AverageTestEpRet	StdTestEpRet	MaxTestEpRet	MinTestEpRet	EpLen	TestEpLen	TotalEnvInteracts	AverageQVals	StdQVals	MaxQVals	MinQVals	LossPi	LossQ	Time
1	-32.678314	8.323208	-12.580424	-68.24697	-12.411613	18.00685	22.500618	-63.890728	19.633457	34.55	3999	-0.12334346	3.048642	17.740847	-14.090876	-2.2963336	0.6308063	16.65101981163025
2	-32.92603	8.308248	-11.994974	-73.119484	-72.0396	20.81404	-25.244555	-107.102776	19.683887	22.975	7999	46.316845	43.885593	386.8912	-100.6349	-58.433575	19.903536	36.455326795578
3	-52.866096	43.30893	-11.362791	-650.0168	-89.757675	34.363987	-18.129307	-191.26414	23.902548	30.275	11999	307.07672	206.6922	1009.74896	-462.02005	-347.91766	320.12555	57.64516997337341
4	-70.03168	32.53806	0.6499925	-358.04214	-62.010406	25.136927	-7.624872	-123.8854	32.38259	39.725	15999	401.2989	258.1088	973.62006	-489.38712	-435.82016	720.59564	79.62068104743958
5	-80.27701	33.014736	-9.703865	-231.07063	-84.484375	40.67338	-12.762556	-167.2528	32.92371	27.35	19999	404.30365	259.4654	1049.2405	-520.4434	-437.27368	956.0668	101.11953520774841
6	-81.89329	48.88695	-9.558412	-769.3054	-86.713715	34.74392	-20.973928	-168.16286	34.170574	45.325	23999	433.52487	289.0778	1229.2462	-513.76385	-468.66138	1287.1667	122.57774257659912
7	-101.835396	41.29387	-26.539854	-280.4155	-114.17952	85.10638	-48.18976	-584.8248	33.871307	42.025	27999	477.11545	312.06766	1315.6816	-522.8507	-513.1168	1660.8247	144.0052580833435
8	-82.34113	56.2576	-18.811516	-795.1314	-113.14658	39.48027	-62.15166	-266.84525	35.66518	43.6	31999	492.48376	318.47632	1201.2393	-522.2285	-527.1173	1824.4327	165.9767553806305
9	-94.434	42.65553	-28.45152	-537.3952	-96.57907	31.682528	-41.730453	-180.47934	39.722084	45.075	35999	512.19495	341.57288	1382.9761	-539.3885	-548.1072	2125.4834	188.2656328678131
10	-103.69087	53.73374	-25.992582	-924.6609	-122.89229	30.77377	-72.729965	-198.63696	32.255062	38.225	39999	537.1703	367.78952	1480.2041	-562.8358	-573.43915	2472.315	210.0522665977478
11	-94.79144	37.957798	-30.181313	-448.60504	-92.25804	35.43242	-31.047169	-229.2389	35.474613	42.225	43999	542.7299	380.58066	1489.6758	-575.6653	-577.89496	2745.256	231.8855493068695
12	-96.77274	31.065224	-24.53728	-233.98465	-116.12949	34.13085	-57.670097	-198.42137	39.488888	43.575	47999	527.8376	370.33014	1440.4071	-582.4313	-560.87646	2732.2305	254.1356828212738
13	-100.02545	51.014084	-29.36458	-717.0492	-109.22532	42.29366	-41.94627	-231.7606	42.550533	51.35	51999	529.8078	379.9215	1511.9696	-592.2356	-564.3455	2929.1494	276.4130036830902
14	-104.718834	38.471886	-41.30799	-420.1717	-104.92283	38.09843	-44.575962	-186.46284	47.470238	42.525	55999	555.615	395.7726	1527.4639	-540.86127	-590.29724	2901.7646	298.61326789855957
15	-102.1792	46.223366	-36.57227	-701.2215	-96.0022	33.04671	-36.473507	-183.06021	39.91	46.475	59999	555.4966	390.27982	1553.3824	-696.3585	-587.74603	2759.1245	320.7385172843933
16	-116.889725	64.30151	-35.538433	-711.42505	-146.5615	40.003128	-60.4753	-251.90295	42.959785	51.925	63999	534.0262	382.85107	1710.3173	-589.0242	-564.56067	2785.9685	342.9094715118408
17	-118.94644	47.811623	-32.112774	-639.9232	-114.93823	34.057297	-55.04588	-182.70422	45.36932	43.775	67999	519.4063	381.57773	1694.1946	-585.833	-549.45514	2739.668	364.61144852638245
18	-117.58489	49.59959	-49.96515	-681.33417	-133.00256	63.80346	-61.49207	-461.65384	45.194366	49.275	71999	495.33032	361.8591	1495.0997	-559.93646	-522.7009	2530.8604	386.76538586616516
19	-115.269424	43.102264	-41.137066	-334.67435	-135.91699	79.4399	-48.24366	-570.77124	50.291534	54.2	75999	472.50836	350.80618	1322.639	-520.67206	-499.1227	2351.6172	408.7757103443146
20	-112.96306	56.733444	-38.770447	-903.89294	-108.44917	34.335033	-53.50649	-199.39862	45.092957	39.4	79999	457.56296	343.15652	1259.1797	-613.55554	-483.07297	2229.5745	430.7560384273529
21	-105.83334	40.42914	-29.72332	-321.33484	-127.41936	39.93625	-47.406696	-256.26212	45.033802	42.15	83999	439.77753	330.20215	1226.7445	-627.74664	-463.6534	2132.9553	453.0589418411255
22	-122.77181	56.7886	-37.604324	-690.5306	-127.891136	44.69942	-58.750263	-287.6194	44.437325	40.325	87999	407.32208	306.912	1117.7418	-566.1469	-428.84622	1863.9171	475.13673973083496
23	-122.85985	39.330235	-44.81059	-263.48657	-127.65867	35.11264	-62.977272	-205.74483	37.203705	43.1	91999	375.03296	286.4556	1113.6149	-566.90155	-395.36014	1776.6141	497.1631169319153
24	-118.147194	51.80507	-44.05757	-767.3959	-135.32465	30.140448	-77.58114	-198.27748	41.45052	44.6	95999	344.80124	273.33298	1008.25464	-546.496	-363.80338	1628.9373	519.2606656551361
25	-119.82771	39.36299	-45.150043	-300.38773	-125.95833	60.597794	-54.27721	-431.0277	41.396908	41.125	99999	314.7607	254.09766	945.97235	-550.51404	-331.94797	1394.7913	541.0258107185364
26	-120.34189	48.283363	-48.371346	-505.24066	-114.17354	22.323414	-71.329506	-172.96364	38.99512	41.275	103999	285.60315	241.26811	1666.9846	-693.1199	-303.13025	1314.9758	562.9575519561768
27	-118.122475	51.358902	-47.133194	-737.2704	-122.13959	49.356358	-49.384247	-269.32986	43.304348	53.5	107999	282.33115	274.0128	1330.4998	-650.0109	-300.45044	1605.3611	585.1240768432617
28	-129.5089	48.09093	-52.98384	-475.8606	-128.71353	26.594362	-81.126015	-188.866	54.632652	43.475	111999	254.29268	250.07883	1104.6066	-563.1614	-269.32846	1279.1978	606.8708212375641
29	-131.51166	44.596703	-47.34947	-357.49457	-139.13148	48.284126	-49.967636	-246.28937	53.571907	55.725	115999	230.11232	232.22958	930.6269	-681.51355	-243.37785	1032.7898	628.9813847541809
30	-110.66136	41.86674	-37.76062	-416.8833	-105.09334	30.019905	-50.553192	-175.17807	45.51143	57.225	119999	198.87424	206.30646	842.5191	-627.8338	-210.35974	841.40063	651.4668211936951
31	-103.57813	38.17318	-33.613792	-251.39561	-120.41722	49.525417	-43.49126	-254.57935	52.654606	53.6	123999	175.07594	184.55005	829.33685	-683.0632	-185.65802	672.24646	673.9490785598755
32	-115.4972	48.04035	-44.10389	-641.0074	-122.80727	36.72267	-43.095844	-199.7549	43.45924	47.45	127999	156.82236	174.22626	735.4142	-607.3709	-166.65857	579.3093	695.7746825218201
33	-114.410675	42.093628	-41.73971	-284.86435	-115.1754	40.283882	-32.407238	-194.66006	48.29697	54.05	131999	134.10106	158.47444	572.0756	-708.623	-142.46346	460.71237	718.518604516983
34	-109.34218	63.06338	-17.670938	-657.28784	-118.84495	50.75896	-34.791496	-245.10323	52.33766	55.075	135999	111.34565	140.09895	540.5825	-659.73395	-118.51238	359.37515	740.5670692920685
35	-101.06091	47.731316	-8.888187	-265.39767	-109.06038	47.389015	-24.68149	-225.49655	47.81138	56.9	139999	92.17877	123.983765	481.8449	-947.9743	-98.59311	274.02762	762.8913786411285
36	-101.63308	58.533978	-5.4305334	-596.07733	-92.95146	41.45875	-17.550295	-171.49321	54.112244	60.8	143999	76.67642	110.90943	428.85846	-953.26996	-82.357605	219.34605	785.2389118671417
37	-93.69486	62.446915	35.391857	-655.9128	-86.77476	52.12397	-8.275679	-283.99393	47.40176	40.2	147999	64.06057	100.43593	403.72302	-829.25604	-69.21703	178.29582	807.1411361694336
38	-93.91206	49.83568	-6.850292	-456.02325	-92.46075	50.874714	1.975623	-256.46228	48.774693	55.6	151999	52.82102	90.51706	376.02106	-1009.97675	-57.402462	148.97243	829.0494828224182
39	-88.88406	65.693436	-2.227559	-848.947	-91.114845	50.97709	-3.1813533	-235.21516	50.949368	46.275	155999	42.26087	80.11242	364.0281	-869.30646	-46.32376	116.88966	851.1070935726166
40	-80.46955	43.59135	1.7246102	-215.56848	-93.69134	60.416485	-1.0100622	-213.70485	42.005234	41.1	159999	33.28705	69.33146	312.54364	-900.02014	-36.963486	96.111916	872.9796290397644
41	-75.52607	46.494953	18.016247	-233.61893	-72.14864	44.550396	5.89955	-163.16292	42.392574	47.125	163999	25.431782	57.493237	247.72722	-905.6636	-28.70553	71.66209	895.1200308799744
42	-66.925545	47.719273	9.430576	-260.34256	-59.02414	44.46936	7.983623	-143.56195	51.609676	44.675	167999	18.763119	46.64186	221.42123	-680.91266	-21.83432	59.679714	916.7130036354065
43	-64.20945	52.270344	16.451746	-573.1879	-60.68216	39.720142	-7.3869433	-180.09192	47.366863	41.925	171999	14.4117365	37.624218	185.74123	-841.74176	-17.348902	48.413017	938.9710674285889
44	-58.363773	47.405617	14.985918	-679.9759	-55.324596	44.004185	0.9347404	-209.39815	40.06	50.575	175999	11.343746	30.980984	154.82542	-729.9437	-14.164163	41.214752	961.3535530567169
45	-47.113113	45.27883	319.22366	-471.7044	-52.49236	36.324127	-5.574365	-145.36383	42.91129	49.0	179999	8.511205	24.762806	124.51001	-808.42566	-11.211873	36.616783	983.8518459796906
46	-44.159966	39.38739	18.110065	-471.59955	-32.84935	29.244965	11.861496	-113.244225	43.194595	46.7	183999	6.2369294	19.817444	100.92571	-863.4147	-8.803666	31.750929	1005.3302149772644
47	-38.503845	33.89501	19.533714	-223.29626	-37.674625	42.943	32.422653	-158.63673	46.65698	53.5	187999	4.8944645	16.541807	80.884605	-884.07416	-7.450723	27.084576	1027.8999693393707
48	-38.467373	50.40397	36.32695	-618.08014	-41.279865	30.13662	1.0434294	-126.12841	51.25402	55.05	191999	4.325523	14.536586	70.68212	-458.29205	-6.806666	25.421444	1050.2377350330353
49	-37.774742	49.57838	20.314365	-496.60474	-39.318775	38.918148	23.746208	-141.80043	53.809364	52.375	195999	3.7729557	13.418852	57.535217	-927.4059	-6.2249894	23.017122	1072.539561033249
50	-40.405304	56.198826	30.3766	-580.3055	-43.44987	67.727806	21.264841	-262.80127	55.13149	62.05	199999	3.441732	13.14545	56.38559	-847.47266	-5.9046845	24.444824	1094.3894953727722
51	-38.183968	42.972946	25.714296	-357.74905	-35.930305	39.313988	14.1653805	-131.4914	52.519737	56.425	203999	3.101175	13.526773	55.038033	-715.03345	-5.513715	23.761454	1116.8414552211761
52	-40.792034	36.0659	29.38005	-164.77745	-40.639	32.60441	17.777344	-111.39023	44.843575	39.725	207999	2.999958	13.912169	57.296486	-920.1761	-5.4092417	21.923285	1138.9008946418762
53	-37.58335	38.7588	284.42862	-123.857254	-34.852673	32.66132	21.586456	-104.07581	47.703594	51.825	211999	3.5147986	13.846164	58.609398	-936.9324	-5.9297338	23.315071	1161.200793504715
54	-30.857197	44.92566	30.915762	-619.16736	-23.975744	35.156887	27.626223	-93.06641	49.903427	49.85	215999	4.3894906	13.488093	56.85115	-981.92236	-6.814335	23.080357	1183.2787351608276
55	-31.546871	60.261955	125.959854	-733.3778	-26.608816	22.03577	25.467226	-63.730824	52.545753	51.075	219999	5.196062	13.523859	55.12128	-794.752	-7.620719	21.896223	1205.325555562973
56	-21.953857	27.226604	33.062862	-288.31497	-18.55132	25.835144	43.807266	-69.486664	54.482994	59.325	223999	5.9435687	13.450381	56.412334	-920.94244	-8.425787	26.744202	1227.868709564209
57	-24.373009	51.99191	26.041328	-659.54913	-28.00418	23.551752	9.433286	-94.41199	54.35495	57.475	227999	7.0851865	13.554034	56.47063	-937.2996	-9.607014	24.900963	1250.0522367954254
58	-17.27252	24.852695	31.998388	-123.00406	-19.912998	24.099768	35.27925	-65.71649	53.872055	62.275	231999	8.255303	14.040594	58.674458	-945.8075	-10.814723	25.212336	1272.110347032547
59	-18.353611	23.18819	31.062014	-90.60878	-18.187696	19.663315	12.56831	-62.377808	56.007042	50.55	235999	9.167867	14.251649	63.388752	-749.5074	-11.72714	25.552513	1294.218837738037
60	-16.239634	23.558489	34.823433	-77.1296	-12.9872875	25.531473	25.497997	-73.95569	61.62214	55.1	239999	9.674549	14.596877	61.22289	-844.9559	-12.237776	23.14918	1316.211020231247
61	-25.35991	68.18878	35.016296	-714.86194	-31.20495	24.877762	12.24815	-85.7898	60.219696	67.275	243999	10.317244	14.866593	62.5496	-709.8483	-12.913979	23.559376	1338.2959158420563
62	-18.294987	24.991106	39.093143	-165.30183	-19.81123	27.022923	34.44712	-66.33301	58.065456	55.1	247999	10.938823	15.240638	62.49574	-755.9467	-13.528913	24.426035	1360.3116075992584
63	-24.268051	58.754494	38.684677	-740.61456	-28.642801	75.914505	28.19871	-472.02844	58.476364	57.325	251999	11.546006	15.46646	61.651936	-607.945	-14.139088	25.514782	1382.3232252597809
64	-20.98219	41.180912	116.168434	-447.63318	-25.0469	32.766033	32.20046	-160.49129	56.78445	61.175	255999	12.561354	15.912122	68.423775	-665.1795	-15.199051	24.898972	1404.4483087062836
65	-20.696169	31.92261	37.666046	-403.21558	-24.373425	28.273342	26.586445	-100.55771	53.260868	55.85	259999	13.502253	16.327467	70.30926	-972.70734	-16.149672	25.293762	1426.555950164795
66	-19.05825	34.96356	44.59852	-414.20312	-19.065594	36.498684	45.92587	-139.01068	58.050724	60.25	263999	14.021725	16.51127	76.569466	-913.8383	-16.638863	28.215569	1449.4805796146393
67	-19.250412	24.563173	44.470028	-94.935715	-17.284336	19.532146	37.173607	-64.083565	54.542664	55.225	267999	14.499388	16.891	79.32126	-462.45917	-17.106993	23.697378	1472.0376539230347
68	-20.567245	39.52735	52.737003	-528.5879	-25.723547	36.25499	29.78844	-190.96037	53.791946	57.2	271999	15.25129	17.596954	77.80426	-729.44763	-17.866182	28.014118	1494.5000030994415
69	-22.045013	35.276432	31.913061	-366.96283	-16.641277	21.222324	18.009329	-69.84734	60.033836	67.225	275999	15.690745	17.971384	84.265816	-958.0392	-18.309458	28.702	1517.0738830566406
70	-22.412037	50.296844	37.24257	-692.047	-24.637905	39.28915	12.26436	-228.13837	59.460968	62.775	279999	15.846825	18.18788	86.94691	-1025.7012	-18.478079	27.216808	1539.6292700767517
71	-19.747335	57.49625	36.743263	-841.92096	-17.924854	28.788233	25.680368	-90.49755	58.632355	60.3	283999	15.816756	18.226603	79.895515	-704.71014	-18.422794	26.65729	1562.0555386543274
72	-19.19159	43.089046	37.91502	-553.4998	-15.379453	51.457367	121.27359	-262.8249	60.22472	70.25	287999	15.840249	18.156822	78.42766	-723.80927	-18.444998	27.200884	1584.794665813446
73	-10.915334	28.507584	231.61194	-130.21066	-13.116977	35.39395	38.69783	-158.05652	56.822063	56.925	291999	16.012894	18.21693	72.3891	-1035.7646	-18.566574	25.703192	1607.150890827179
74	-14.878036	23.907755	34.555122	-90.79832	-14.446083	21.80565	14.65241	-80.742905	57.830326	53.95	295999	15.883915	18.024538	72.491135	-726.1015	-18.435411	29.59435	1628.6821994781494
75	-19.752092	42.093925	33.17656	-554.9641	-13.609273	26.669771	30.710913	-75.4199	58.327274	60.2	299999	15.909608	18.21593	73.38644	-812.853	-18.452602	27.90267	1650.6724956035614
76	-22.86489	62.584602	41.55273	-679.8546	-15.612851	31.835255	46.35577	-78.88531	59.429104	66.625	303999	16.0586	18.350903	77.93937	-911.7582	-18.594482	26.225754	1673.14102435112
77	-17.315472	52.477047	48.785683	-751.2422	-26.757935	86.254715	39.076393	-441.82538	60.530075	62.125	307999	16.51794	18.523844	80.796616	-982.9915	-19.062214	25.83089	1695.3977131843567
78	-21.819939	27.896389	99.03047	-252.83846	-22.720951	56.509357	38.58488	-345.32706	59.46269	53.975	311999	16.916437	18.853065	84.09229	-891.29456	-19.46595	31.096268	1717.2295541763306
79	-22.353964	50.782288	57.52733	-666.62024	-21.61422	31.199415	34.362488	-96.341675	60.116543	66.5	315999	17.133385	18.959618	84.17564	-873.36584	-19.695442	28.922205	1739.5575594902039
80	-16.567898	26.780289	46.675262	-113.66127	-16.003986	22.368462	39.217056	-71.42171	62.05039	59.3	319999	17.385391	18.72484	74.958	-679.7686	-19.91423	29.149506	1761.7469010353088
81	-19.379335	35.159634	50.329174	-439.99808	-33.62817	79.36368	35.50217	-502.49066	59.15926	61.4	323999	17.600136	18.874992	78.7103	-831.53876	-20.126637	28.732613	1783.5792722702026
82	-17.259417	26.345518	42.201336	-88.95327	-23.177143	62.924305	23.46453	-386.31946	59.600746	63.025	327999	17.71718	18.827705	75.47962	-1002.659	-20.209948	28.787651	1806.102203130722
83	-22.749622	43.034077	24.101776	-599.79675	-15.400919	16.518723	17.239933	-59.426178	61.718147	57.9	331999	17.146122	18.622341	81.46183	-905.00616	-19.592539	28.739891	1828.4172263145447
84	-13.640302	23.367825	36.59075	-141.75883	-15.090471	25.170593	25.560354	-80.611496	61.86434	54.25	335999	16.554226	18.153788	83.622345	-952.2238	-18.958735	23.723774	1850.551732301712
85	-17.293953	35.03637	52.07639	-409.21893	-16.004627	24.33385	20.81041	-74.94542	58.58029	57.225	339999	16.426325	17.916727	81.73967	-882.175	-18.79927	27.317125	1872.6126837730408
86	-14.206075	23.79012	34.906704	-98.72497	-10.940561	19.09668	21.593792	-58.802284	62.138996	68.15	343999	16.090107	17.718851	84.98156	-854.15063	-18.423433	26.580757	1895.029509305954
87	-20.467495	50.06444	42.564926	-490.63834	-2.0742316	80.39367	470.7305	-97.63706	59.847015	56.55	347999	15.8364525	17.642717	79.03926	-747.4973	-18.142395	25.782972	1917.2731878757477
88	-12.4174185	39.045006	503.41608	-84.11891	-31.576756	114.3006	14.785802	-730.8773	58.67658	61.875	351999	15.884662	17.60345	80.84919	-789.5286	-18.200064	26.357094	1939.5689749717712
89	-16.15528	52.759594	52.766125	-512.35675	-10.708034	22.130362	22.284538	-82.96381	62.61628	66.35	355999	16.092297	17.684145	76.86666	-871.6922	-18.405924	27.6908	1962.0014951229095
90	-16.913046	44.699627	33.708336	-411.22076	-12.2223835	25.863077	29.085245	-70.655846	59.509293	62.025	359999	16.134817	17.885153	76.32281	-819.1111	-18.41802	25.844162	1984.408528804779
91	-11.9707	39.216125	397.04077	-296.4611	-32.037212	110.31456	36.772232	-668.0903	61.678295	65.525	363999	15.854693	17.98349	80.51602	-612.99475	-18.131727	21.993698	2006.762125492096
92	-16.719067	53.080162	50.896652	-581.33527	-7.911006	24.568182	39.331043	-61.662975	61.692307	67.425	367999	15.99535	18.12469	82.22481	-941.27655	-18.298508	24.898468	2029.2321872711182
93	-13.681562	39.856194	290.16592	-291.76257	-16.332127	25.694328	37.615112	-76.91839	62.64314	66.15	371999	16.261862	18.2026	79.87599	-874.4006	-18.54619	25.891703	2051.633001089096
94	-12.611347	50.929913	320.7831	-561.5063	-4.8120933	41.02081	209.30092	-82.44605	62.027027	65.925	375999	16.559496	18.437008	81.99852	-629.2977	-18.847649	28.629173	2074.1412177085876
95	-11.089305	23.065363	35.409935	-85.10282	-38.42269	105.51242	39.02037	-670.34607	59.122223	60.025	379999	16.874619	18.557707	77.070854	-715.8797	-19.156101	25.603128	2096.3482620716095
96	-17.823233	55.29639	42.16633	-730.3333	-14.669078	59.994717	47.698895	-364.452	60.06015	60.1	383999	17.28954	18.926582	78.670845	-627.10144	-19.580847	26.573256	2118.3467597961426
97	-15.608427	42.032158	32.808567	-577.1132	-21.013285	24.358839	41.652096	-67.23076	59.55762	59.95	387999	17.398066	19.004972	76.9217	-881.6404	-19.663649	26.08289	2140.3889877796173
98	-13.840826	27.223677	35.12346	-213.4938	-22.531994	51.434048	39.93772	-313.9619	61.79537	58.525	391999	17.044704	18.939156	77.37529	-862.2382	-19.299973	26.266861	2163.146716117859
99	-12.197119	52.229664	47.374496	-755.3782	-5.1473975	71.2117	415.24576	-59.945164	63.41502	64.925	395999	17.109264	18.797932	79.21216	-744.7546	-19.358147	25.40286	2185.691694498062
100	-15.705544	38.75847	32.390366	-517.6775	-16.67522	22.734238	17.43824	-72.90871	60.992367	65.35	399999	16.958487	18.669788	76.9671	-841.50476	-19.189875	25.837086	2208.529000043869
