Epoch	AverageEpRet	StdEpRet	MaxEpRet	MinEpRet	AverageTestEpRet	StdTestEpRet	MaxTestEpRet	MinTestEpRet	EpLen	TestEpLen	TotalEnvInteracts	AverageQVals	StdQVals	MaxQVals	MinQVals	LossPi	LossQ	Time
1	-32.89549	8.139297	-14.074518	-68.36391	-27.561676	17.346878	8.207575	-55.05922	19.747837	22.825	3999	-1.3623838	1.9633069	6.4554935	-17.00595	-0.6118911	0.9590641	16.016687393188477
2	-32.03231	7.906339	-12.476398	-61.63776	-22.94874	11.262463	7.9634027	-45.164146	19.63882	20.9	7999	11.6373825	16.08602	103.22444	-32.135017	-15.939369	2.9039578	35.22713756561279
3	-26.788782	17.16175	47.560574	-112.97294	-24.293783	37.50889	56.618446	-95.76981	23.78209	35.8	11999	46.75067	49.019207	196.90814	-36.396057	-54.011066	12.754832	55.58572697639465
4	-21.290995	44.126915	43.49214	-615.08514	-24.677256	25.474287	23.136925	-82.954575	37.26744	38.95	15999	53.22429	55.418324	224.3801	-37.975536	-59.259563	29.966911	76.33995270729065
5	-30.33762	34.9344	39.878887	-285.89984	-47.21234	95.8075	21.046959	-628.939	42.392	40.4	19999	57.134804	56.981182	269.447	-42.299088	-63.02795	41.52674	97.61359477043152
6	-33.160816	28.067205	48.788746	-149.7322	-51.898945	69.02785	-0.95154345	-445.72818	39.212196	38.375	23999	60.240067	56.66461	252.93033	-119.15133	-65.47222	46.15466	119.40306401252747
7	-44.000835	28.817207	45.31228	-168.78421	-60.02996	36.830147	-1.617315	-138.47452	36.505695	35.35	27999	60.021156	53.154724	234.9951	-253.01888	-64.84612	46.45185	140.34608793258667
8	-49.986164	30.312216	20.973196	-219.40022	-50.574642	41.01504	0.66256213	-210.50354	37.289043	35.8	31999	59.588146	48.67884	212.39397	-368.59113	-64.22901	48.076023	161.07824039459229
9	-50.861065	47.84384	554.6839	-158.0667	-57.463646	33.879276	-11.908627	-170.43343	43.71233	43.125	35999	60.0729	44.63367	195.79892	-537.41547	-64.710785	49.89104	182.08646845817566
10	-61.641327	39.236805	15.486034	-396.68567	-57.892315	23.811804	1.7064977	-108.0276	41.773438	40.6	39999	62.207375	40.393543	196.61868	-577.5815	-66.75708	52.31539	203.08506083488464
11	-61.24592	46.630135	21.802845	-730.03033	-55.242023	21.487669	-5.0150294	-122.94572	41.34456	42.25	43999	61.961975	40.50379	263.7772	-586.28876	-66.67867	57.676563	224.02289938926697
12	-61.0798	28.449797	15.190847	-243.5697	-57.434277	20.942184	-18.497972	-120.06487	42.502647	43.95	47999	65.47694	47.684975	298.34473	-521.6119	-70.39633	68.72058	245.40879034996033
13	-62.44297	35.66674	-1.3561397	-503.6251	-74.5052	41.37486	-19.172623	-209.04774	41.848167	42.475	51999	65.96113	53.61834	311.15744	-575.4139	-70.73247	75.286736	266.65102458000183
14	-65.30551	44.37524	0.33626205	-652.5533	-77.69899	74.04691	-28.73394	-512.02905	43.702187	38.275	55999	65.890396	58.675407	281.67834	-443.1682	-70.69834	81.282455	287.50139355659485
15	-61.963497	26.115334	1.5635848	-167.66777	-86.951035	49.427162	-11.18453	-290.2357	45.96552	49.075	59999	64.568726	59.87978	276.85944	-460.40613	-69.09221	76.98834	309.0962884426117
16	-68.357544	31.474026	0.30030248	-216.384	-66.64811	26.97424	-28.827904	-125.56538	42.21579	41.5	63999	60.29072	56.780563	253.42203	-492.4546	-64.49903	72.00336	330.42487597465515
17	-66.81753	30.420824	-0.9538548	-318.76385	-83.26796	62.21336	-33.42423	-443.48764	41.07455	39.05	67999	54.592724	52.786457	234.98251	-498.26834	-58.51288	72.954315	351.42543053627014
18	-76.43571	45.956913	-12.205195	-770.0946	-84.459435	32.907787	-21.827103	-179.39436	42.594666	43.575	71999	50.554256	49.364834	221.61313	-516.2236	-54.35537	67.096214	372.38527488708496
19	-78.7741	46.798893	8.460118	-647.61426	-72.24007	41.175735	-2.186793	-196.32666	49.43827	44.975	75999	47.39246	46.941387	209.28156	-589.70703	-51.06434	63.2751	393.34987688064575
20	-82.52095	39.08511	-8.102534	-253.35382	-94.18107	39.932137	-17.720669	-188.61653	47.073963	42.375	79999	44.82808	43.935043	186.41014	-725.20984	-48.26886	57.456635	414.21797609329224
21	-86.46679	37.06876	2.1253479	-291.3592	-77.970055	28.66681	-20.435234	-156.81242	42.67287	46.0	83999	40.00822	40.296883	162.06598	-639.8573	-43.098255	51.86683	435.86297631263733
22	-84.97239	66.541985	3.2373984	-765.65424	-73.68649	34.877823	-18.732111	-201.85205	43.072388	42.575	87999	33.510223	36.310726	145.7093	-650.14764	-36.352524	47.841053	457.58409428596497
23	-78.45916	44.417744	9.33852	-564.10364	-86.18776	35.343964	-18.37254	-153.63527	45.609688	57.175	91999	28.03016	32.72432	128.14482	-576.4198	-30.689367	44.73835	478.87929582595825
24	-84.14762	42.114277	0.6108728	-524.87854	-76.01544	42.572758	-18.961193	-219.18607	46.828907	52.35	95999	23.451082	29.623135	119.863976	-628.9088	-25.905916	40.941647	500.41644525527954
25	-72.04976	38.142956	14.969958	-222.53368	-63.219067	31.57016	-1.6447212	-134.77995	44.432507	49.6	99999	19.468372	26.422216	112.43207	-811.0195	-21.760145	37.281666	521.5616767406464
26	-71.62469	42.29005	15.658976	-210.54532	-85.07201	50.12856	14.834499	-218.16261	45.724136	48.775	103999	16.7557	23.774038	109.90156	-575.861	-18.954515	33.0085	542.9502418041229
27	-74.24924	43.914547	8.142154	-298.97412	-61.72831	34.77372	5.6077075	-156.15611	46.494186	45.85	107999	14.649073	21.840405	109.93464	-670.7451	-16.788319	32.44905	564.2021634578705
28	-62.032818	36.53888	1.628374	-290.9757	-60.290905	36.186184	-1.4836345	-164.89514	45.17465	45.875	111999	12.643965	20.167946	98.73053	-635.69574	-14.645283	27.87217	585.346702337265
29	-64.29516	36.293785	10.380218	-253.02786	-65.59092	36.855667	-12.039009	-146.97035	46.988235	49.0	115999	9.8685665	17.985138	90.08734	-930.9961	-11.719101	26.043545	606.1023495197296
30	-72.60851	59.995926	5.1683507	-780.6564	-66.70406	31.661806	-12.199874	-127.05388	47.81791	50.1	119999	7.47629	15.894326	82.37601	-689.2039	-9.265618	23.115738	627.4937701225281
31	-62.088726	65.18913	16.770132	-756.78033	-69.3527	39.146194	1.9551737	-187.463	48.576218	43.175	123999	6.3014674	14.377932	76.9668	-686.0134	-8.036093	23.577066	648.7567582130432
32	-60.600723	42.08668	-0.14991803	-327.0791	-43.08385	24.234554	4.3001013	-79.65717	43.223118	47.4	127999	5.101734	12.897609	71.44457	-670.45337	-6.7671127	23.348417	669.9579331874847
33	-58.414745	50.047913	9.80311	-657.4683	-53.181885	31.012312	0.8945215	-116.90455	43.553135	51.0	131999	3.834242	12.5464525	64.82813	-124.77895	-5.3917356	24.327469	691.6476790904999
34	-51.42278	34.05133	8.126428	-163.69353	-49.736656	23.604181	-8.3240385	-110.91158	44.74581	45.175	135999	3.167678	12.486244	60.51375	-249.92064	-4.741744	22.445574	713.1264762878418
35	-51.267025	38.54053	7.4948997	-621.23834	-52.76939	25.61794	-9.054541	-107.66171	41.086956	45.0	139999	3.53953	12.234801	59.49125	-684.95245	-5.1712213	23.56698	733.8629493713379
36	-41.959045	24.84399	17.30526	-148.2779	-42.834003	20.326172	-2.3510816	-79.28935	44.487396	42.95	143999	4.072654	12.824037	56.95538	-833.88007	-5.736752	22.769754	754.8657944202423
37	-44.602493	42.807423	8.022625	-566.79767	-47.206154	25.152887	-10.578605	-99.356735	47.70238	47.425	147999	5.198149	13.122483	51.43373	-739.59937	-6.923966	24.85932	776.1025912761688
38	-45.20987	58.919353	16.533394	-676.3246	-41.605827	24.631876	-10.693866	-116.684525	50.215626	43.0	151999	6.286555	13.663969	53.18415	-853.1883	-8.069297	25.378109	797.3058009147644
39	-47.411194	29.29052	14.909928	-150.27849	-45.604675	39.404507	17.550592	-170.81282	46.72059	54.425	155999	7.2309036	13.730627	57.607536	-447.56195	-9.051295	27.022394	819.2686998844147
40	-44.53359	47.04101	40.55296	-544.5973	-47.02547	26.520828	5.18892	-114.70564	48.174175	48.05	159999	7.118079	13.855174	57.302002	-589.8871	-8.881119	25.498453	840.551456451416
41	-50.04998	71.495224	24.677946	-806.6884	-52.068993	22.903147	-5.354717	-109.00758	48.653496	51.525	163999	6.941805	13.121223	52.23677	-682.15845	-8.690081	25.365013	861.7152404785156
42	-46.85962	37.405983	18.595419	-370.6836	-44.891663	25.013685	-1.6541958	-99.00251	51.30225	52.45	167999	6.55436	12.514448	51.011223	-739.38617	-8.249244	28.379385	882.7637040615082
43	-45.594883	33.749702	13.317616	-345.50452	-54.646313	35.120888	-1.9084768	-203.67935	49.386997	48.1	171999	6.28566	12.41004	49.4571	-804.0676	-7.9631953	25.8069	904.0789468288422
44	-45.460976	51.6691	24.137804	-739.8651	-43.51734	20.379803	-10.769204	-84.90502	46.333332	47.85	175999	6.125967	12.2851095	49.000214	-685.6902	-7.827975	27.460907	925.058552980423
45	-45.079987	39.69331	8.826358	-588.30725	-46.79132	71.60521	5.055444	-476.79968	45.146893	43.225	179999	6.20925	12.185863	50.58959	-923.56915	-7.8776574	27.474419	945.6175456047058
46	-34.98907	22.416895	31.148563	-108.73958	-40.95582	48.913956	10.7353	-283.7375	46.676384	47.3	183999	6.1654873	12.321188	50.938168	-434.33792	-7.8037457	23.79203	967.267168045044
47	-35.72706	26.1739	23.430624	-136.40428	-36.40046	23.321457	16.142117	-86.71868	48.90184	46.175	187999	6.072965	12.38496	50.494503	-654.3847	-7.7038593	24.879618	988.4850859642029
48	-32.76031	37.781734	37.229286	-449.83676	-40.098198	22.68497	-8.675473	-103.94868	48.017963	53.65	191999	6.501325	12.637753	48.929996	-458.0535	-8.1647415	25.991354	1010.1375186443329
49	-35.290974	29.209969	33.713898	-247.37909	-32.271107	19.470123	1.7716109	-96.54496	50.86262	49.55	195999	6.708915	12.658899	48.53116	-669.9051	-8.334633	24.491165	1031.5554521083832
50	-35.693405	23.650877	21.45003	-137.2344	-41.730385	22.674225	-13.961571	-109.61673	52.116505	55.95	199999	7.3164277	12.612196	49.724953	-435.07407	-8.989906	24.720598	1052.9538407325745
51	-37.229473	30.784578	23.570646	-360.79562	-33.56416	21.62983	-2.5520737	-85.71997	48.34139	44.775	203999	7.6060476	12.782541	50.15338	-1108.8599	-9.248925	24.470629	1074.0235288143158
52	-36.73655	29.58109	11.43483	-277.71747	-37.17878	15.802831	-6.223413	-77.87605	49.117283	36.625	207999	7.165753	12.783001	49.147354	-602.5172	-8.738826	21.715584	1094.937476158142
53	-35.224297	35.861946	13.669167	-523.01575	-36.300407	16.79137	0.58710134	-68.16976	49.103657	52.35	211999	6.919818	12.54237	48.903713	-714.25653	-8.513332	21.781965	1115.998342514038
54	-32.682396	24.31761	10.944038	-117.52217	-23.199697	25.778471	19.069069	-99.82536	50.587303	52.8	215999	6.6046185	11.933192	44.570457	-725.53894	-8.141148	21.632961	1137.4423863887787
55	-31.702143	22.559639	23.885431	-93.15457	-34.797997	27.276527	23.35557	-94.20145	51.346153	51.4	219999	6.27271	11.661454	46.403946	-1000.7064	-7.781522	19.899849	1159.110756635666
56	-27.825893	24.85107	22.371082	-122.85847	-37.042583	59.960236	14.2303505	-385.7834	47.2997	54.025	223999	6.0231023	11.542722	46.607258	-580.17126	-7.521209	20.408802	1180.0521702766418
57	-31.390118	41.209515	27.034668	-591.6944	-39.116497	83.00311	1.6067035	-546.0549	50.374214	54.825	227999	6.135566	11.69876	46.391647	-609.9473	-7.6690636	23.215004	1201.2993295192719
58	-30.381622	48.103073	38.26657	-706.29126	-17.969238	19.653791	12.146027	-70.98186	53.036423	42.725	231999	6.6507845	11.816419	46.988808	-879.7834	-8.191248	21.244745	1222.5731637477875
59	-27.571972	22.503828	24.96152	-93.03172	-34.525475	22.571064	8.191132	-101.60402	50.651897	41.425	235999	7.349046	12.062445	49.176044	-721.80334	-8.918536	20.902893	1244.0598821640015
60	-34.778088	42.351944	19.384422	-568.70795	-38.190086	20.664743	5.753941	-76.92669	51.357826	48.575	239999	7.5518265	12.266501	47.13718	-843.80347	-9.096212	21.577024	1265.3302218914032
61	-29.103195	27.472712	25.019775	-175.95541	-28.635199	22.31317	8.869443	-89.871925	53.2107	50.775	243999	7.5652037	12.192942	48.71656	-633.48724	-9.106257	21.266375	1286.2070050239563
62	-27.777157	46.04819	21.962261	-666.8235	-19.893099	21.313913	9.944832	-76.93566	49.335384	50.525	247999	7.357066	12.132269	47.384697	-981.9335	-8.864601	20.51639	1307.6484467983246
63	-29.079784	29.804615	27.29063	-333.68585	-34.185516	28.311657	21.618164	-98.565025	50.231976	53.75	251999	7.34012	11.834302	46.39902	-497.89554	-8.863966	23.548132	1328.7858831882477
64	-28.066029	51.207794	22.293228	-661.54193	-31.982845	60.15708	24.080217	-378.87552	50.98722	56.525	255999	7.60152	12.040249	48.253937	-829.27155	-9.109859	21.885824	1350.1149082183838
65	-45.85484	159.33208	20.86846	-2637.3655	-40.486122	25.575861	6.5993495	-120.380005	52.345276	51.15	259999	7.597576	11.944288	46.680733	-647.5905	-9.109842	23.008375	1371.5104520320892
66	-28.8035	45.071712	22.47615	-687.95844	-42.392902	61.990936	3.8497498	-406.1875	50.454258	53.65	263999	7.456387	11.930837	44.733307	-565.50104	-8.912142	22.886517	1392.9826035499573
67	-27.8056	22.840408	19.204313	-205.13634	-8.878545	84.662964	503.85745	-70.68454	48.753048	58.25	267999	7.0263586	11.91372	44.9782	-808.39905	-8.473293	21.667284	1414.0854606628418
68	-24.972103	20.83617	31.298403	-117.12436	-31.953588	27.782255	24.787912	-116.07642	47.82934	45.275	271999	7.3993545	11.983204	43.68456	-567.76776	-8.866936	22.33496	1435.2319586277008
69	-25.97035	21.809921	27.670256	-111.55967	-26.681677	16.864836	1.2655078	-67.060326	47.892216	43.975	275999	8.149751	12.523421	45.42012	-788.5099	-9.656211	20.636332	1456.8634338378906
70	-28.645836	30.497566	308.2117	-119.98465	-26.85683	23.270016	9.045318	-75.87956	52.595394	54.6	279999	8.295016	12.955268	49.520832	-1030.9597	-9.796758	23.92322	1477.8669242858887
71	-28.329165	33.782616	24.622528	-446.61343	-15.527905	23.913298	25.374851	-75.52791	54.993126	59.175	283999	8.288462	12.886843	49.340992	-875.3537	-9.777689	20.31347	1499.668617963791
72	-28.585072	45.95787	228.54149	-481.5559	-22.178434	21.022669	12.89771	-77.945595	54.35495	59.575	287999	8.4957285	13.048247	47.920433	-893.376	-10.015021	23.63718	1521.1502904891968
73	-27.569021	32.579384	91.181786	-385.58905	-27.416754	23.796793	28.166313	-79.121735	52.12987	55.55	291999	8.727625	12.716734	45.707207	-764.92584	-10.216455	22.330847	1542.7518599033356
74	-22.605648	39.026073	500.18405	-98.84187	-20.212831	25.058382	20.050547	-113.29079	52.57237	50.675	295999	8.639879	12.540312	45.544502	-867.58154	-10.118595	21.729216	1563.9693274497986
75	-25.524189	25.487944	20.695057	-291.51746	-34.743984	64.95952	10.556871	-427.79202	50.680378	46.275	299999	8.911348	12.3470955	47.52147	-698.87286	-10.372926	21.903664	1585.03555226326
76	-28.831688	46.50061	26.7368	-726.27954	-28.15564	19.578785	13.623084	-91.879814	49.990654	53.9	303999	8.813186	12.17483	46.857563	-506.8382	-10.247121	19.669413	1606.7255437374115
77	-29.357018	45.766636	20.452208	-691.52313	-34.732178	68.88777	20.808289	-443.24814	52.76821	56.225	307999	8.623963	12.253337	45.904797	-949.2187	-10.071231	22.097095	1628.2932279109955
78	-36.116432	69.60641	28.629084	-822.5282	-24.490257	19.07769	6.895749	-83.66687	51.48553	57.525	311999	8.712522	12.187156	47.168118	-701.6191	-10.159289	21.665657	1649.8029336929321
79	-26.325573	28.270254	28.690044	-316.6208	-14.81295	21.85985	26.120787	-87.01748	52.094463	50.975	315999	8.762532	12.312872	47.227932	-922.7708	-10.190713	20.839006	1671.1262774467468
80	-26.299976	46.965702	32.88874	-713.91614	-24.893692	48.65961	19.169903	-288.044	52.57049	54.15	319999	8.792774	12.251873	46.210857	-666.14825	-10.230437	20.83718	1692.6540048122406
81	-28.819187	41.146915	24.664507	-521.6979	-34.151714	29.143911	29.867704	-96.695274	50.8127	56.375	323999	8.719443	12.178526	49.144253	-777.63934	-10.145707	21.42605	1713.734971523285
82	-29.697412	42.984135	23.89336	-479.84564	-18.500423	23.296656	23.474703	-86.18048	51.980457	52.75	327999	8.523772	12.176354	49.12237	-779.9698	-9.947284	21.962912	1735.3722505569458
83	-24.105644	47.229687	67.89674	-739.1713	-22.448605	30.357948	11.178891	-111.09688	51.744335	54.65	331999	8.593806	12.326635	48.79039	-1077.7734	-10.010299	21.501827	1756.8290045261383
84	-28.609356	33.038754	17.205584	-303.69995	-26.789282	21.21504	19.672243	-68.35651	53.87584	46.025	335999	8.744551	12.313969	48.52524	-497.54294	-10.168822	23.109562	1778.1115403175354
85	-28.301361	54.515484	29.465744	-745.3964	-19.177633	22.1183	22.89344	-67.35942	52.69637	54.325	339999	8.329142	12.158239	46.678165	-736.9382	-9.725583	22.732132	1799.0150408744812
86	-25.4082	34.023357	46.82414	-450.807	-26.46766	25.738958	11.549839	-115.70246	52.101307	54.625	343999	8.383395	12.153311	48.06962	-891.2391	-9.7883005	23.271872	1820.653331041336
87	-29.866163	61.54079	27.26016	-710.8386	-26.003485	26.464634	12.267269	-86.32249	55.74653	59.125	347999	8.700736	12.206167	47.123222	-954.47504	-10.135111	23.105297	1841.887272119522
88	-24.587894	31.966118	30.516773	-395.68378	-32.346355	66.16364	13.403774	-419.32214	53.546978	49.9	351999	8.914683	12.338132	48.55008	-680.2782	-10.32976	26.212187	1863.3064513206482
89	-29.011223	43.84661	92.43485	-600.37445	-23.827305	18.23857	7.175099	-66.39212	51.736336	58.7	355999	9.162038	12.628632	51.603107	-730.5096	-10.592246	24.216055	1884.4927673339844
90	-28.360447	33.91894	26.730013	-457.10028	-43.251575	75.75445	26.985275	-477.09872	53.481606	48.05	359999	9.160383	12.663482	50.84878	-757.0125	-10.563338	22.884048	1905.5468327999115
91	-27.562456	39.404346	24.690361	-519.07086	-34.54892	26.76442	9.397978	-94.075455	51.44013	61.325	363999	9.144116	12.549104	48.633644	-771.7916	-10.535885	25.400927	1927.8679473400116
92	-36.12627	64.44536	21.868977	-816.1794	-23.159672	17.792858	8.148797	-77.18317	53.94295	53.5	367999	9.013357	12.504842	48.25774	-998.28265	-10.423982	27.514273	1949.0148627758026
93	-27.32111	27.41032	29.877037	-252.65347	-47.84578	135.99396	12.041674	-833.72986	51.97411	57.375	371999	9.286414	12.53168	49.26802	-981.20123	-10.692538	27.224758	1970.0748748779297
94	-27.009499	26.307457	26.035156	-261.51675	-33.70179	33.357903	17.73209	-171.67227	54.395905	63.525	375999	9.398165	12.527565	49.0582	-849.42004	-10.779793	27.337564	1991.603776216507
95	-27.233	25.23076	19.164179	-143.33412	-27.154413	22.794914	8.524647	-85.97803	52.674343	60.7	379999	9.138644	12.313278	50.22793	-757.193	-10.498183	24.66409	2013.8471086025238
96	-31.439472	30.844938	19.455294	-348.52487	-47.68978	83.38326	25.02088	-534.60223	53.60067	58.025	383999	9.067501	12.371824	50.61719	-775.7142	-10.433086	25.271751	2035.4663491249084
97	-27.563562	30.534874	23.030968	-267.18985	-31.535702	36.414635	23.42198	-130.09329	56.05944	56.925	387999	9.290306	12.501426	49.80473	-913.6499	-10.674961	23.391304	2056.6149473190308
98	-24.06106	28.301441	40.971447	-233.33388	-22.25968	22.207539	21.886404	-78.01524	54.094276	49.775	391999	9.356561	12.530787	50.052746	-542.7557	-10.7096195	26.431593	2077.973842382431
99	-26.288954	31.3269	210.24545	-206.01517	-28.458881	21.170132	7.6058006	-72.48963	53.009968	47.95	395999	9.17831	12.392172	48.065598	-1049.0503	-10.541819	26.98386	2098.984345436096
100	-28.503895	26.228813	26.976671	-279.02225	-40.65931	90.918106	7.5902104	-590.98926	48.782875	49.3	399999	9.126797	12.4179125	48.364292	-672.90625	-10.480446	22.532507	2119.813769340515
