Epoch	AverageEpRet	StdEpRet	MaxEpRet	MinEpRet	EpLen	AverageVVals	StdVVals	MaxVVals	MinVVals	TotalEnvInteracts	LossPi	LossV	DeltaLossPi	DeltaLossV	Entropy	KL	ClipFrac	StopIter	Time
0	29.650043	18.972519	115.120544	-12.879466	26.194632	-0.17448318	0.10947213	0.21775678	-0.5546364	4000	-1.6763806e-08	586.8937	-0.031233314	-73.76217	0.918941	0.011857979	0.1825	79.0	2.0948128700256348
1	30.60373	17.905622	79.93325	-9.813271	26.072847	2.3945172	0.39135128	2.889325	-0.3203099	8000	-7.636845e-08	479.2671	-0.018345201	-54.83069	0.91693324	0.015719105	0.1585	14.0	3.729642391204834
2	32.316677	17.017105	97.09249	-10.027675	25.61039	4.6692104	0.15690908	4.780742	2.1609993	12000	2.2351742e-08	398.84772	-0.017556565	-28.374931	0.91537327	0.015003303	0.23624998	16.0	5.593423843383789
3	40.08946	19.439608	120.225784	-4.312828	25.796053	6.1611395	0.07040062	6.214553	5.310849	16000	1.1175871e-08	544.1066	-0.021511111	-42.478973	0.91558164	0.015264921	0.23275	19.0	7.758491516113281
4	46.407173	24.519794	241.28214	-9.430036	27.506945	7.878031	0.036013134	7.903025	7.3483405	20000	-1.3504177e-08	766.2844	-0.031314425	-48.08423	0.91862196	0.013406621	0.189	79.0	10.066852569580078
5	47.828743	19.884302	100.72263	-13.203786	26.836735	9.625918	0.034709457	9.643991	8.637066	24000	1.8626451e-09	574.8472	-0.018387422	-31.916801	0.9222389	0.016343012	0.14925	12.0	12.04146409034729
6	50.37058	18.327768	114.20771	-2.576716	25.856209	10.991608	0.27930638	11.033637	1.4814705	28000	5.8673322e-08	559.8074	-0.027938556	-37.740494	0.92160076	0.014172234	0.17899999	79.0	14.388981819152832
7	55.62083	18.355328	98.3456	-5.244892	26.389261	11.715465	2.776687	12.415754	-11.763405	32000	3.7252903e-09	620.5415	-0.025482198	-45.200035	0.92129374	0.015076209	0.1855	52.0	16.93351650238037
8	57.499763	18.315506	123.87631	12.35729	26.483221	11.956131	4.8217616	13.872924	-12.8958645	36000	5.029142e-08	600.3205	-0.026467305	-52.042053	0.91669613	0.015103906	0.16600001	54.0	18.69901180267334
9	56.315807	15.484135	94.11352	18.025822	25.993422	12.102047	5.8805776	15.330974	-13.842591	40000	-2.514571e-08	474.7697	-0.023626782	-40.056694	0.9128375	0.01516767	0.1615	37.0	21.002010822296143
10	59.024467	19.682928	117.445885	8.950556	26.21192	12.476766	6.1244183	16.636059	-12.026271	44000	-2.2351742e-08	574.28577	-0.016934711	-45.860474	0.9119727	0.016153168	0.20925	13.0	23.263739824295044
11	64.35866	17.957516	126.38283	15.080014	25.82353	12.799213	7.575543	18.04801	-16.716173	48000	-4.0978193e-08	610.7699	-0.02709613	-55.716324	0.912678	0.01527354	0.198	37.0	25.4212543964386
12	65.293205	19.472425	144.92085	18.425497	26.085526	13.90755	8.136658	19.524033	-16.17406	52000	-6.3329935e-08	616.4301	-0.023653718	-51.714043	0.9105661	0.015018185	0.16350001	30.0	27.035624504089355
13	71.81849	17.246616	130.5434	29.349014	26.18543	14.542016	8.637114	20.974688	-18.286194	56000	-7.450581e-09	659.36053	-0.013549965	-63.1513	0.9052718	0.015369304	0.17275	14.0	28.631429195404053
14	70.37596	17.689516	138.91454	26.823278	25.666666	16.648903	8.25657	22.557995	-13.528953	60000	-7.0780516e-08	585.7304	-0.013443245	-50.64701	0.90302336	0.015403212	0.21000001	12.0	30.190929174423218
15	73.20471	16.154905	124.255554	10.83892	25.416666	15.611467	10.736946	23.970112	-20.983067	64000	-2.2351742e-08	559.17664	-0.012427837	-53.923355	0.9022928	0.016195776	0.17175	10.0	31.75731873512268
16	79.13952	16.543055	122.22341	41.759808	25.784313	16.488337	11.544228	25.33326	-22.256086	68000	1.3038516e-08	659.52563	-0.026472114	-60.809906	0.90161794	0.01500441	0.17025	52.0	33.503294944763184
17	79.6006	18.585333	123.323204	33.7743	25.986841	17.826473	11.587	26.844917	-23.864552	72000	1.8626451e-08	673.1384	-0.014780789	-56.57901	0.8972514	0.01545539	0.1955	13.0	35.0585241317749
18	83.87656	15.321971	121.47212	45.354084	26.25	17.915867	12.593196	28.315693	-24.74211	76000	-9.313226e-09	614.5746	-0.012272241	-57.148254	0.8965522	0.015205208	0.218	12.0	36.628886222839355
19	85.13551	16.705473	122.44342	40.905663	26.125828	18.7835	13.079928	29.758364	-23.125668	80000	-4.0978193e-08	640.2429	-0.018985	-53.62155	0.89571154	0.015204314	0.14324999	27.0	38.28341865539551
20	84.93661	14.994463	124.91336	34.269814	26.291391	18.772085	14.272968	31.209091	-26.882795	84000	1.5832484e-08	555.8391	-0.0278689	-51.27015	0.89697474	0.015023793	0.17475	79.0	40.06468224525452
21	87.8952	16.897343	143.53065	45.95171	26.436241	20.26643	14.167952	32.50061	-16.49563	88000	-3.5390258e-08	636.1709	-0.011896364	-53.16044	0.89048475	0.015790982	0.13174999	11.0	41.6351056098938
22	91.38888	15.331316	138.34477	50.582096	26.489933	21.435568	14.753762	33.89271	-23.375519	92000	-5.5879354e-08	629.1116	-0.02220146	-55.452637	0.8905707	0.015023991	0.15699999	47.0	43.374922037124634
23	93.133484	18.111206	145.6197	41.536434	26.5	23.315777	14.667561	35.34286	-15.639588	96000	-3.8184226e-08	679.1718	-0.019561687	-51.986847	0.89099675	0.015030942	0.15675	28.0	45.04527425765991
24	95.243195	14.921723	129.45714	51.826588	26.687075	22.570011	15.741121	36.79022	-22.916618	100000	1.6763806e-08	635.5518	-0.024281928	-53.915962	0.8907522	0.015122769	0.1625	52.0	46.69544267654419
25	96.539	18.401415	158.84796	34.594414	26.655405	25.101387	15.623979	38.234413	-13.398309	104000	1.8626451e-08	666.5549	-0.023524087	-55.428696	0.8909099	0.01509583	0.162	42.0	48.36275863647461
26	95.31524	17.748705	145.94344	38.592403	27.041096	26.308828	16.148579	39.64898	-17.075392	108000	1.9557774e-08	577.9676	-0.012444784	-46.73185	0.8878826	0.019315237	0.21125	7.0	49.9439160823822
27	98.30526	14.400791	136.93842	61.269943	26.77027	25.305634	17.247366	40.93494	-18.22944	112000	1.7695129e-08	578.0415	-0.0046369126	-51.123955	0.8875105	0.015069088	0.19475	7.0	51.48810386657715
28	96.60865	14.482259	130.07884	43.160244	26.965986	25.84474	17.671041	42.246647	-16.165705	116000	3.5390258e-08	517.8206	-0.021374878	-43.122177	0.8864568	0.015006879	0.162	34.0	53.13441586494446
29	97.47521	15.589127	168.45746	59.02878	27.32639	25.156284	18.899439	43.464405	-15.576896	120000	6.61239e-08	506.93237	-0.009004471	-41.59726	0.88616914	0.015216915	0.20175001	10.0	54.751038551330566
30	99.66439	13.399207	144.46603	63.497616	27.277779	25.210367	19.344288	44.637917	-21.456352	124000	1.4901161e-08	491.6511	-0.02581279	-41.002106	0.8858491	0.015129714	0.17475	54.0	56.47918963432312
31	100.56363	13.564776	131.1574	58.351017	27.075863	26.664978	19.355074	45.83261	-19.4462	128000	3.632158e-08	475.27368	-0.026955172	-35.929695	0.88153857	0.013315777	0.1745	79.0	58.26565623283386
32	101.11131	12.966215	132.79979	65.92917	27.275862	27.309809	20.162613	47.021194	-18.059807	132000	-3.7252903e-09	448.3767	-0.021653574	-37.577118	0.8803644	0.0151167335	0.14899999	37.0	59.97114324569702
33	101.18158	14.462845	144.95065	44.155968	27.241379	27.878418	20.45341	48.19164	-18.936497	136000	2.9802322e-08	441.11374	-0.019205697	-39.67385	0.87436783	0.015140876	0.12900001	29.0	61.620529890060425
34	102.680466	14.980278	142.04582	62.138756	27.256945	28.232912	21.56954	49.32696	-22.579319	140000	3.3527613e-08	450.9178	-0.02619539	-35.35286	0.8747692	0.01478935	0.176	79.0	63.45970439910889
35	102.99639	16.212898	145.72255	36.61258	27.402779	29.374798	21.785017	50.48002	-32.581924	144000	3.9115548e-08	448.9338	-0.024725787	-39.383377	0.8691226	0.015014908	0.16250001	48.0	65.18991804122925
36	104.626	13.633126	142.90877	55.21881	27.256945	29.950432	21.781239	51.624866	-31.665228	148000	-1.5832484e-08	415.62708	-0.0146826375	-36.44712	0.8665598	0.015212644	0.11625	16.0	66.7949275970459
37	105.51181	15.819919	151.93315	71.87405	27.305555	31.00032	21.882526	52.75547	-23.607075	152000	1.8626451e-08	439.56638	-0.023669224	-36.44645	0.8643703	0.015250668	0.1585	51.0	68.56617975234985
38	107.28758	15.154614	148.69179	56.335552	27.324139	31.962763	22.176405	53.89464	-14.047878	156000	-1.1175871e-08	433.72028	-0.011255566	-39.014214	0.86041677	0.01713798	0.1725	8.0	70.17877292633057
39	107.46518	14.925924	146.91785	63.17233	27.5	32.04152	22.997679	55.056316	-27.870796	160000	-1.1175871e-08	409.09323	-0.006192999	-35.05461	0.859219	0.015460519	0.1855	7.0	71.79312252998352
40	108.808075	13.204943	144.01373	77.959625	27.347221	32.190544	23.24263	56.169594	-20.45934	164000	4.284084e-08	386.50888	-0.02058924	-33.40062	0.8579975	0.015083168	0.16875	31.0	73.47971534729004
41	109.49288	13.93653	146.58432	61.8435	27.520834	32.127213	24.040234	57.29248	-19.146225	168000	1.8626451e-08	392.86804	-0.026990604	-35.337677	0.8553306	0.0143137975	0.15575	79.0	75.30585527420044
42	108.41428	15.677846	172.36238	61.308235	27.71831	33.87753	23.814987	58.417824	-22.610825	172000	-4.1909516e-08	375.45685	-0.010626222	-35.67878	0.8502093	0.0154808	0.1575	7.0	76.95641088485718
43	109.90186	14.032899	141.13287	70.73307	27.950705	32.244457	24.774488	59.48553	-20.054464	176000	2.3748726e-08	358.9715	-0.024618458	-35.286552	0.85036457	0.015056446	0.168	46.0	78.83472633361816
44	107.2596	15.28112	146.40935	59.474243	28.120567	33.1565	25.286163	60.524555	-26.486095	180000	-9.313226e-09	325.1283	-0.022074345	-36.42501	0.84423965	0.015333516	0.17074999	31.0	80.7664246559143
45	110.68574	15.579594	149.16603	71.63372	28.085106	33.095814	25.470243	61.45645	-16.10363	184000	-1.1175871e-08	346.5229	-0.025938012	-31.578888	0.8394887	0.015192466	0.163	43.0	82.50625491142273
46	113.84641	13.458416	149.84164	70.12153	28.092857	34.724964	25.728512	62.45778	-13.118826	188000	2.7939677e-09	354.28864	-0.013737005	-36.089584	0.8341167	0.015738152	0.19150001	10.0	84.18986678123474
47	109.722496	14.498759	150.42798	36.312775	27.801418	35.351517	25.933178	63.563362	-11.385531	192000	-2.9336661e-08	293.37177	-0.024688773	-35.13094	0.83332914	0.015056039	0.162	54.0	85.98142313957214
48	110.21999	17.553541	148.46225	42.076244	28.359713	34.144936	26.809723	64.5074	-18.44015	196000	-2.7474016e-08	321.9582	-0.03227156	-33.854897	0.82744324	0.014887957	0.19299999	79.0	87.78275561332703
49	113.764854	16.31733	162.1826	48.713425	28.164286	35.3535	27.136799	65.42721	-30.870785	200000	-2.7939677e-09	334.79132	-0.01628238	-35.883293	0.82359546	0.015497085	0.13499999	20.0	89.46645140647888
50	112.35633	14.982751	150.03802	68.60659	28.12857	36.31189	27.328705	66.446884	-30.09997	204000	-4.0978193e-08	291.37598	-0.030287072	-34.565445	0.8225664	0.015041053	0.19749999	51.0	91.2067003250122
51	115.574684	14.511665	164.4575	48.19258	28.294964	36.92278	26.919779	67.41696	-10.226445	208000	1.21071935e-08	308.42627	-0.011428932	-36.47397	0.8154338	0.015608769	0.16275	8.0	92.80774688720703
52	113.6887	15.787369	163.10112	72.40862	28.381294	37.342945	27.808275	68.43505	-14.513794	212000	-2.514571e-08	279.79156	-0.031354412	-33.983368	0.81484187	0.01503595	0.204	69.0	94.57805228233337
53	113.532585	14.982518	165.06561	71.385544	28.164286	36.41434	28.263159	69.3835	-21.733234	216000	-9.313226e-09	259.65765	-0.017425798	-27.628288	0.8065313	0.015139114	0.15325001	17.0	96.21920776367188
54	115.12718	16.28618	161.15584	55.79759	28.695652	36.389023	28.885736	70.26289	-11.779249	220000	8.8475645e-09	279.01953	-0.028373018	-35.134144	0.80550855	0.015019576	0.161	50.0	97.95532059669495
55	113.95473	14.943986	171.58691	76.9917	28.366907	37.535095	29.346054	71.20262	-24.619877	224000	0.0	244.8858	-0.010879427	-29.303764	0.7981761	0.016849123	0.17125	8.0	99.59028744697571
56	117.01869	14.649851	159.67375	69.00552	28.385714	38.158596	29.138536	72.09309	-26.394245	228000	3.7252903e-09	261.14136	-0.027741954	-31.34916	0.7976964	0.015034917	0.17425	54.0	101.37729907035828
57	114.57774	17.244402	153.07568	34.851166	28.345324	39.320873	29.620031	73.04606	-21.600569	232000	-2.7008355e-08	263.857	-0.021632802	-39.05997	0.7999605	0.015325708	0.17675	30.0	103.11280751228333
58	117.296135	15.199698	150.50471	64.510185	28.235714	38.59442	29.927406	73.93752	-27.121687	236000	1.4901161e-08	246.5257	-0.023336548	-31.267605	0.79870695	0.015050307	0.15825	39.0	104.83896923065186
59	118.86282	14.843629	152.36684	72.24646	28.057142	40.438587	29.83447	74.85617	-19.035057	240000	2.9802322e-08	242.83635	-0.02023371	-25.961342	0.7959351	0.015499131	0.1415	23.0	106.50713396072388
60	115.02523	16.475773	146.05089	53.709686	28.649635	40.76966	30.70718	75.83669	-30.382666	244000	-7.450581e-09	228.17139	-0.020525916	-37.061855	0.7949602	0.015008016	0.18725	20.0	108.17813515663147
61	117.072426	15.503707	160.77269	53.54373	28.664234	39.069515	31.196474	76.62402	-28.478092	248000	-1.4901161e-08	220.94513	-0.017770424	-28.954025	0.7931059	0.015403997	0.1665	18.0	109.89611887931824
62	117.610435	15.693319	159.89104	50.752556	28.316547	40.63446	30.781319	77.46202	-13.940405	252000	-1.1175871e-08	214.06773	-0.032905743	-23.754509	0.7935485	0.013964089	0.18275	79.0	111.78409600257874
63	118.83165	14.879572	146.78812	67.08632	28.208633	40.99062	30.815008	78.303665	-15.25269	256000	-9.313226e-10	209.21533	-0.027030613	-28.11623	0.78530157	0.015127989	0.17325	53.0	113.67956781387329
64	120.74343	14.205547	160.53685	77.68297	28.507246	41.847126	31.138948	79.16573	-28.721584	260000	-3.1548552e-08	209.7437	-0.021315783	-33.039158	0.78189605	0.015333325	0.1675	23.0	115.57340741157532
65	120.50808	14.438391	150.07602	68.198586	28.292856	43.130817	31.469538	80.08229	-9.586681	264000	4.656613e-09	190.71138	-0.00989053	-23.466888	0.7802064	0.015850969	0.18550001	8.0	117.2067346572876
66	117.26037	18.591265	154.10063	41.023716	29.140741	41.374798	32.210213	80.979866	-22.599506	268000	1.4901161e-08	234.3453	-0.025309939	-43.410366	0.779097	0.015130964	0.17074999	42.0	118.93347811698914
67	121.12709	14.4679365	158.1758	77.62247	28.421429	42.161438	31.643904	81.71996	-10.61919	272000	-1.0244548e-08	195.39014	-0.01770509	-36.097706	0.77159315	0.015090004	0.14874999	16.0	120.60458540916443
68	124.72471	16.604057	178.76471	68.27859	28.608696	43.9347	31.900454	82.56831	-10.454889	276000	-2.2351742e-08	223.7696	-0.017763138	-26.902916	0.7698319	0.015101775	0.19325	19.0	122.33766174316406
69	122.28995	16.359474	165.94595	64.54533	28.854015	43.833298	33.20162	83.56382	-22.415195	280000	-3.7252903e-09	210.78983	-0.017707663	-35.021442	0.7656494	0.015026558	0.178	16.0	123.96337223052979
70	120.14919	15.283434	155.00328	49.140446	28.482014	43.137455	32.858932	84.42041	-15.27989	284000	-1.1175871e-08	173.50485	-0.03415064	-28.598854	0.76281404	0.013846161	0.19475	79.0	125.80382251739502
71	121.29604	16.909845	155.42978	70.29384	28.955883	43.38302	32.981987	85.18973	-10.489719	288000	2.2351742e-08	183.86766	-0.026123919	-23.718445	0.7611904	0.015094893	0.18450001	46.0	127.60639572143555
72	119.88352	16.209118	157.3526	48.055737	28.846716	42.899628	33.075706	85.9374	-15.866262	292000	3.7252903e-09	168.37971	-0.014250055	-24.745419	0.7558958	0.016606687	0.22575	10.0	129.2827398777008
73	122.02418	16.33842	158.42683	61.554104	28.68613	42.88715	33.36888	86.63634	-14.351418	296000	0.0	178.82571	-0.012509297	-28.835693	0.7547738	0.016495392	0.22375	10.0	130.93056106567383
74	125.79026	14.135522	161.24588	76.45782	28.744526	44.25776	33.661537	87.41743	-20.473385	300000	1.4202669e-08	164.24059	-0.029127412	-25.755596	0.7528622	0.01507475	0.19225	49.0	132.71102809906006
75	122.06308	25.09175	161.59692	-67.978935	29.440298	43.97867	34.574986	88.34295	-31.753372	304000	-1.1175871e-08	407.14612	-0.022049766	-117.62677	0.7412695	0.015306454	0.22850001	17.0	134.43347024917603
76	125.87848	16.70015	172.87386	75.61845	28.456522	45.325592	33.686386	89.10447	-47.2094	308000	1.8626451e-09	203.33418	-0.03532632	-43.720184	0.7409715	0.0150371585	0.2115	74.0	136.24768209457397
77	127.44216	16.124123	176.25603	72.49253	28.438848	45.680668	34.592438	89.964645	-54.94053	312000	2.2351742e-08	171.28233	-0.025534626	-24.350786	0.73159117	0.015087087	0.181	31.0	137.99553084373474
78	127.426765	16.067337	173.69374	87.84406	28.751825	46.580406	34.944595	90.91678	-14.131329	316000	-3.0267984e-09	171.19327	-0.011881714	-25.13422	0.72393656	0.0150031	0.1805	9.0	139.64635014533997
79	127.87948	20.783611	182.0744	42.276005	29.007353	46.722115	36.101803	91.82315	-68.819786	320000	-7.450581e-09	225.48459	-0.032141685	-39.61872	0.7226433	0.015023988	0.20075001	57.0	141.49053525924683
80	129.30676	16.304655	184.80344	91.885124	28.832117	47.30878	35.337563	92.701965	-11.5243845	324000	1.3969839e-09	176.57138	-0.023071866	-31.922894	0.7094819	0.015462375	0.16875	26.0	143.2014617919922
81	131.43286	18.444616	237.72916	70.758286	29.706766	48.269444	35.274853	93.60686	-9.249384	328000	-2.2351742e-08	217.0321	-0.013543691	-63.59345	0.70451	0.01507262	0.20050001	8.0	144.84361839294434
82	129.27737	20.13574	173.6293	71.87613	29.088236	47.616615	36.241848	94.558235	-11.350175	332000	-3.7718564e-08	206.75479	-0.028551469	-28.124706	0.7024257	0.015002076	0.214	30.0	146.57881379127502
83	130.94734	15.826298	170.72815	92.58432	29.333334	47.720528	36.331264	95.398285	-9.8078	336000	9.313226e-09	154.63162	-0.018725025	-21.92343	0.6961862	0.015292712	0.18525	16.0	148.25689387321472
84	129.2943	18.522573	175.50137	82.09305	28.882353	47.661976	36.40972	96.2607	-11.387722	340000	-6.519258e-09	168.06296	-0.019322451	-22.540264	0.69413596	0.015148841	0.16975	17.0	149.9325315952301
85	130.1543	17.05169	173.40831	51.897614	29.335821	47.050446	36.88166	97.036194	-17.29972	344000	-7.450581e-09	148.87854	-0.0220953	-22.444687	0.69226265	0.015033607	0.174	24.0	151.62365174293518
86	130.28465	17.383814	191.33409	88.62728	29.325926	47.653507	37.382786	97.83372	-16.133316	348000	-1.4901161e-08	150.38835	-0.0159108	-24.264532	0.6868632	0.01542926	0.17125	13.0	153.27566957473755
87	131.7249	17.297955	181.25616	65.420494	29.38806	48.01657	36.61112	98.56311	-13.481888	352000	-1.8626451e-08	165.03403	-0.013369706	-28.603096	0.68532664	0.015577437	0.144	8.0	154.89684915542603
88	132.62079	17.203516	179.16603	76.545746	29.155556	48.014866	37.835297	99.360405	-15.743729	356000	-1.3038516e-08	154.0129	-0.008494029	-29.728844	0.6837764	0.015540224	0.19075	9.0	156.54326343536377
89	133.23483	16.141611	177.48735	56.64544	29.333334	50.087406	37.255676	100.178055	-18.733898	360000	-8.381903e-09	171.59384	-0.010574844	-54.37333	0.68188035	0.019661875	0.18924999	6.0	158.22409415245056
90	132.31561	18.180004	181.9143	63.78488	29.355556	49.029057	37.8744	101.05526	-44.212967	364000	-1.1175871e-08	146.62346	-0.010168501	-27.711376	0.6804289	0.015073641	0.1565	7.0	159.84440326690674
91	132.69768	19.602715	208.8211	61.536644	29.597015	48.92153	38.647186	101.826584	-34.016586	368000	-5.5879354e-09	164.47626	-0.010444444	-28.890614	0.678652	0.01571876	0.15125	9.0	161.5049431324005
92	134.09286	16.148699	171.42682	79.13543	29.402985	49.172905	38.050644	102.581	-11.63099	372000	1.1175871e-08	131.50232	-0.010901972	-22.824512	0.6771879	0.015441142	0.17199999	9.0	163.14413380622864
93	134.12384	17.63735	173.96309	67.58749	29.514925	49.146187	38.43038	103.348595	-18.0537	376000	7.450581e-09	152.95102	-0.0096753035	-29.387405	0.6754358	0.017166113	0.21474999	7.0	164.7762303352356
94	134.99016	19.934486	177.62929	23.38597	29.727272	49.14972	39.35835	104.1345	-25.604538	380000	0.0	171.00688	-0.035277616	-36.156662	0.6738905	0.015003847	0.22475001	53.0	166.5754771232605
95	136.38905	17.998568	194.21652	90.66252	29.5	51.34685	39.04355	104.9676	-7.470595	384000	1.8626451e-09	148.2975	-0.011189832	-31.432167	0.66414124	0.015824988	0.20425001	8.0	168.2464714050293
96	136.29776	20.118681	202.56184	74.22847	29.727272	50.565678	39.578495	105.785065	-32.275383	388000	-1.1175871e-08	162.3214	-0.010507468	-33.70308	0.66393507	0.01591593	0.20825	9.0	169.8684277534485
97	140.57251	18.715878	184.68814	87.76152	29.94697	51.54847	39.848717	106.623184	-15.344441	392000	-2.7474016e-08	174.3363	-0.035097025	-37.43683	0.6638579	0.01487305	0.21075001	79.0	171.74611496925354
98	139.0888	16.050858	190.47517	86.470764	30.045801	52.213703	40.66001	107.59987	-5.769424	396000	-1.6763806e-08	125.97443	-0.030276105	-23.393042	0.6572434	0.01508029	0.17625	45.0	173.5686514377594
99	137.79964	16.938509	181.6343	85.37769	30.015152	51.768394	40.33366	108.445786	-5.706207	400000	1.1175871e-08	128.5246	-0.010460295	-20.701298	0.65070856	0.01600596	0.17199999	6.0	175.23366117477417
100	142.62341	21.023643	195.29944	88.12401	30.145039	53.051273	39.771275	109.163635	-11.951686	404000	-2.9802322e-08	200.95193	-0.028379386	-56.510895	0.65033174	0.015118963	0.17750001	31.0	176.98052859306335
101	141.48672	21.090506	198.6895	54.87992	30.84375	53.845978	40.910366	110.12871	-6.013837	408000	-6.9849193e-10	174.68436	-0.031429417	-38.500916	0.64465994	0.015007998	0.18075001	56.0	178.84811854362488
102	141.66133	18.986614	205.05989	50.06408	30.627907	53.12322	40.52592	110.98293	-22.600483	412000	0.0	207.67834	-0.021016225	-83.693825	0.64066774	0.015004836	0.18275	21.0	180.62131667137146
103	143.71886	20.276731	193.23526	66.3104	30.472868	54.76144	40.88829	111.75916	-31.77309	416000	7.450581e-09	167.1831	-0.02251306	-39.46766	0.6386333	0.015208273	0.21274999	21.0	182.31703162193298
104	147.9973	23.00165	233.2919	84.25432	31.27559	54.41193	41.745514	112.68389	-51.53672	420000	-3.958121e-09	215.50406	-0.022253022	-49.561836	0.6333093	0.015174786	0.18374999	21.0	184.00922513008118
105	144.94843	17.673157	202.69814	98.26706	30.29771	55.007843	41.616863	113.85543	-5.57531	424000	1.8626451e-09	128.00305	-0.012160076	-25.496809	0.62918615	0.017292965	0.19174999	8.0	185.61343050003052
106	147.38199	24.044283	250.15909	38.04982	30.968504	54.495056	42.045742	114.75312	-30.56823	428000	-5.5879354e-09	241.4252	-0.010766186	-74.77576	0.6281565	0.015230942	0.15224999	7.0	187.27199864387512
107	147.08205	25.49052	208.92532	45.5946	32.37705	55.383877	43.837524	115.81987	-71.15272	432000	7.450581e-09	259.522	-0.03332461	-69.95729	0.627607	0.015179709	0.20225	54.0	189.0975353717804
108	149.71677	20.821264	209.57619	96.07669	31.766129	55.344696	41.84651	116.61626	-10.66159	436000	-3.7252903e-09	204.9151	-0.023851234	-59.615135	0.624558	0.015164558	0.14925	21.0	190.77399945259094
109	148.61458	20.871126	213.89142	98.66784	31.829268	57.889595	42.549187	117.58699	-6.7497053	440000	0.0	180.21182	-0.012930622	-42.58294	0.6221078	0.016607713	0.18075	7.0	192.41899180412292
110	152.68863	20.551725	204.84665	85.571754	32.03252	57.31862	42.74085	118.38961	-6.6745687	444000	0.0	180.77539	-0.01941134	-36.995697	0.62106323	0.015025448	0.17475	19.0	194.1127007007599
111	153.27394	24.93283	223.76793	87.372635	31.741936	58.57832	43.31785	119.50071	-8.182125	448000	0.0	218.2033	-0.036897555	-51.688293	0.6208707	0.015066523	0.213	63.0	196.24626088142395
112	151.80298	22.657831	210.219	88.32685	32.32787	58.44481	44.33494	120.689606	-17.990288	452000	-7.450581e-09	198.32426	-0.038594972	-45.515724	0.6136227	0.014005244	0.22	79.0	198.10785555839539
113	160.38597	21.190552	211.75731	105.13496	32.231403	59.742435	43.555466	121.51227	-6.425097	456000	1.3038516e-08	212.27582	-0.020359758	-60.07146	0.6062929	0.015069516	0.15825	14.0	199.78082871437073
114	156.10803	23.151722	207.49203	88.63354	32.229507	61.85729	43.911247	122.97592	-33.246815	460000	7.450581e-09	209.85425	-0.0302358	-49.530613	0.60422885	0.015025203	0.19624999	38.0	201.5571596622467
115	157.14182	21.570292	221.98349	98.35629	33.550846	59.65382	44.787987	124.0362	-15.041295	464000	1.21071935e-08	202.52469	-0.013050405	-50.624435	0.60140616	0.017142585	0.19975	7.0	203.20158123970032
116	163.66129	21.93315	228.81548	86.922356	32.31405	61.79824	45.122997	124.91825	-5.708321	468000	-1.8626451e-09	190.7027	-0.021896336	-47.81305	0.6011396	0.0151811745	0.17324999	22.0	204.91643452644348
117	161.31073	20.162424	220.82645	115.700775	31.758064	63.100197	45.99295	126.33786	-5.4019628	472000	-2.2351742e-08	171.9602	-0.021994755	-40.48063	0.5988664	0.015281387	0.20375	21.0	206.690447807312
118	160.37312	21.60843	206.06804	81.382416	32.016262	63.060307	46.229675	127.5123	-16.00428	476000	-8.8475645e-09	185.22357	-0.014018211	-57.162743	0.5982999	0.017251559	0.21175	8.0	208.30137014389038
119	162.30347	25.982426	233.08707	78.738846	33.491524	63.222687	46.758327	128.48477	-44.822853	480000	1.4901161e-08	228.38145	-0.024282135	-49.552177	0.59757316	0.015101554	0.19600001	22.0	209.96490621566772
120	162.10602	23.912722	241.65501	99.76117	32.65	63.17245	47.0327	129.47801	-26.480564	484000	2.4214387e-08	181.79588	-0.04064542	-35.85092	0.59117347	0.014678547	0.2485	79.0	211.76182889938354
121	163.85716	26.409286	236.29834	79.16959	33.98261	62.355614	46.651978	130.40302	-10.32683	488000	1.8626451e-08	225.52905	-0.016832715	-51.90586	0.58454573	0.015930777	0.1975	10.0	213.4345760345459
122	168.37637	28.914396	256.4701	70.90771	34.0	65.46244	46.68235	131.39622	-8.137915	492000	1.8626451e-09	277.74048	-0.034112193	-63.979458	0.5841798	0.015099838	0.20650001	57.0	215.24439311027527
123	166.6208	24.619526	244.33661	99.80867	33.042015	66.16481	47.71375	132.72812	-28.155682	496000	0.0	262.71655	-0.0137300035	-85.014435	0.5789323	0.017768733	0.163	7.0	216.92426586151123
124	173.10579	23.858791	226.30275	117.173386	34.508774	67.35431	47.163555	133.88066	-31.795153	500000	-2.9802322e-08	230.32924	-0.032404043	-68.03999	0.5792791	0.015071537	0.186	44.0	218.7056872844696
125	174.31068	29.40409	281.76367	75.27353	35.17857	67.08286	48.517246	135.21895	-18.066338	504000	-5.5879354e-09	336.1662	-0.017889697	-72.38786	0.5753375	0.015789524	0.2265	11.0	220.3960826396942
126	173.44882	26.089016	242.22885	106.863174	34.7193	69.308304	48.461132	136.63129	-8.861079	508000	1.0244548e-08	241.67538	-0.01878006	-63.2052	0.57354146	0.015259726	0.199	13.0	222.0926775932312
127	172.67912	31.111065	303.67377	94.47868	35.720722	68.93339	47.42585	137.84288	-12.13536	512000	-3.7252903e-09	349.13904	-0.016171047	-91.95889	0.5705717	0.015528599	0.2065	10.0	223.7573583126068
128	172.24783	31.62078	243.82726	92.46004	37.150944	68.0901	48.960407	138.68748	-42.60694	516000	1.8626451e-08	418.92096	-0.03857004	-136.93149	0.5684026	0.012620653	0.22850001	79.0	225.639830827713
129	176.79584	28.589056	255.32884	84.34959	37.45714	66.89249	47.373337	139.41135	-42.658848	520000	-1.1175871e-08	329.69965	-0.016303966	-85.8145	0.5610289	0.0160427	0.182	9.0	227.29091882705688
130	177.76196	25.462982	250.45729	108.42664	35.27027	70.78778	50.37381	140.27518	-7.6266327	524000	-9.313226e-09	248.82582	-0.034935065	-48.705833	0.5604881	0.015015364	0.215	52.0	229.08451867103577
131	181.65315	29.853619	260.26593	85.49925	36.100918	71.45252	48.33716	141.33728	-7.2021537	528000	-1.1175871e-08	312.3009	-0.030779637	-80.50075	0.5592148	0.015338218	0.18800001	42.0	230.87067532539368
132	180.44688	39.388065	317.18814	40.375446	38.235294	71.023094	51.125942	142.6408	-41.692337	532000	7.450581e-09	483.51627	-0.020271372	-131.52052	0.5512389	0.015488605	0.1715	17.0	232.61414098739624
133	177.73251	29.81745	283.69464	111.00419	36.635513	69.01872	51.25663	144.09688	-44.610306	536000	2.2351742e-08	363.16513	-0.01397194	-142.59958	0.54670256	0.0152198095	0.21325	7.0	234.3137562274933
134	183.09018	32.372528	284.00455	100.00728	37.46154	74.59708	50.14403	144.716	-7.5416794	540000	-2.4214387e-08	443.715	-0.01086834	-154.68718	0.54583406	0.01579605	0.21275	8.0	235.97160649299622
135	182.40196	33.140427	294.43503	123.71268	38.940594	75.69296	48.92035	145.51575	-7.035922	544000	-2.9802322e-08	397.22845	-0.037603073	-101.56449	0.5449976	0.015003354	0.20875001	63.0	237.83735728263855
136	182.43892	30.262405	307.34448	112.990005	38.39216	73.05949	48.68904	146.2963	-8.321636	548000	1.1175871e-08	376.6499	-0.010595014	-123.62727	0.5380593	0.015841678	0.14875	6.0	239.48070454597473
137	187.75269	36.52441	364.00845	109.151535	40.90625	74.04357	49.32705	146.89722	-11.616804	552000	-2.0489097e-08	474.29694	-0.03915306	-102.565834	0.53794974	0.011735454	0.22725001	79.0	241.36884450912476
138	195.42693	36.191635	290.6586	57.603428	41.041668	78.53739	49.315086	147.8099	-25.15025	556000	-1.8626451e-09	436.46796	-0.03457798	-116.87178	0.53600484	0.0150077585	0.21775	45.0	243.15466284751892
139	197.54651	39.471153	302.5871	90.991356	43.55056	76.15144	50.702946	149.29732	-23.151651	560000	5.5879354e-09	517.0765	-0.030814439	-154.18584	0.52930456	0.015407984	0.199	28.0	244.86867880821228
140	196.16118	33.95808	290.7074	100.723694	41.42105	78.42402	50.46103	150.48936	-14.966673	564000	2.7008355e-08	424.8402	-0.023441928	-102.98533	0.5230704	0.015034136	0.17575	20.0	246.5911250114441
141	194.37735	41.884945	341.6725	94.96686	41.221054	81.0375	51.06644	151.72897	-10.745678	568000	-1.21071935e-08	586.5311	-0.022058448	-139.64699	0.5196424	0.015415102	0.25225002	15.0	248.30552768707275
142	198.70735	35.804447	329.93802	92.74953	42.9011	79.64347	51.634106	152.6178	-9.985196	572000	-1.1175871e-08	557.20056	-0.0100052385	-191.4201	0.5186473	0.015971594	0.14325	7.0	249.94389033317566
143	198.5756	41.827545	335.68274	109.3798	45.29885	79.11485	50.608288	153.5807	-37.913975	576000	7.450581e-09	849.95715	-0.029237557	-269.7025	0.51836675	0.01503115	0.18824999	25.0	251.74975442886353
144	199.37143	43.549088	298.8572	105.99218	46.421688	78.660355	49.120747	154.06454	-8.499009	580000	1.7695129e-08	668.80945	-0.015569871	-136.99638	0.5172916	0.015424704	0.16600001	10.0	253.47321963310242
145	204.857	49.62191	381.18784	112.24091	43.488888	82.02481	49.970467	154.67816	-8.620688	584000	1.8626451e-09	959.88257	-0.042383008	-297.6892	0.5163313	0.012534289	0.22999999	79.0	255.38407516479492
146	201.04861	47.61009	359.06702	84.82656	42.307693	82.17727	53.31026	156.36833	-8.70023	588000	-1.8626451e-08	750.1237	-0.029994225	-204.61427	0.51654124	0.015099126	0.20025	31.0	257.19465708732605
147	211.84137	46.311565	374.99213	104.675835	47.120483	86.06624	50.780888	157.44336	-8.92461	592000	-1.4901161e-08	750.75867	-0.037977606	-222.27953	0.51338744	0.015035834	0.2235	65.0	259.021924495697
148	203.34016	43.601604	309.0138	92.194405	46.52381	87.13234	52.32287	158.8877	-7.3536158	596000	-1.9557774e-08	615.34204	-0.024061285	-159.76956	0.512348	0.015200486	0.16775	19.0	260.77091550827026
149	211.72656	50.792347	340.6069	102.80575	47.42683	85.4626	50.70958	159.64966	-8.830027	600000	1.4901161e-08	922.2798	-0.01700838	-192.88123	0.5097284	0.015281821	0.19325	14.0	262.45008635520935
150	215.66884	41.62977	330.1065	99.766174	46.14118	88.15026	51.572567	160.77019	-8.724854	604000	-4.4703484e-08	656.54614	-0.04099632	-208.69974	0.5083562	0.015015409	0.2195	79.0	264.34630727767944
151	207.38788	47.34473	362.40378	109.48287	46.940475	83.34752	54.530975	162.2126	-11.15035	608000	0.0	802.74207	-0.015838806	-214.28403	0.50628555	0.015038912	0.155	12.0	266.0120003223419
152	202.07602	52.33991	425.5405	100.67912	45.11494	84.81317	53.459686	162.82368	-13.41291	612000	-7.450581e-09	974.43494	-0.018837824	-237.4466	0.5052993	0.01685856	0.21275	13.0	267.71241211891174
153	217.94214	43.04556	345.19345	105.11086	45.569767	85.3626	52.72853	163.54459	-15.015006	616000	7.450581e-09	699.30286	-0.043058325	-217.02362	0.5029522	0.014429415	0.2455	79.0	269.5804793834686
154	218.11763	43.824024	378.10742	142.73091	46.435295	86.90639	53.996174	164.98338	-7.6208773	620000	1.8626451e-08	768.0285	-0.041262005	-240.13864	0.4990849	0.013676649	0.23375	79.0	271.5553641319275
155	215.30792	52.079384	378.623	90.331856	48.746834	91.30572	53.93964	166.27368	-9.683926	624000	6.519258e-09	929.5504	-0.0401662	-195.50822	0.5007742	0.011480147	0.22	79.0	273.4742696285248
156	212.96875	56.039665	364.6759	76.530975	47.73171	86.3477	55.503754	166.67212	-77.60429	628000	3.9115548e-08	905.1384	-0.0412479	-226.12708	0.49699703	0.012096606	0.23175	79.0	275.36325573921204
157	214.84544	56.94711	359.32397	71.828316	46.61905	90.44897	53.10193	167.4117	-7.6294127	632000	-2.2351742e-08	866.9304	-0.017434465	-149.93015	0.4940502	0.015610287	0.1725	14.0	277.1305601596832
158	221.34811	66.46542	425.63785	77.216705	50.80263	91.84988	53.187687	168.12221	-7.7941885	636000	-7.450581e-09	1280.678	-0.024574496	-304.56906	0.495037	0.015146261	0.18575	19.0	278.9012291431427
159	228.49373	55.42427	395.53885	71.645584	50.986843	93.412704	54.620422	169.57848	-40.51719	640000	1.1175871e-08	1023.16113	-0.043521024	-243.42365	0.49504167	0.013415803	0.25725	79.0	280.8558211326599
160	228.4736	53.389847	377.52554	69.30939	49.07595	95.878136	55.523964	171.11754	-7.7667713	644000	-3.7252903e-09	781.36145	-0.037115976	-186.93346	0.48952904	0.015094568	0.21875	49.0	282.73155450820923
161	232.85606	53.499096	352.38126	117.82003	52.53425	94.85931	56.946877	172.43097	-30.555069	648000	-1.8626451e-09	1112.2957	-0.021753393	-473.6521	0.4852884	0.015693903	0.16925001	14.0	284.4693400859833
162	225.73312	55.756863	391.9436	125.297646	51.773335	99.97453	55.983864	174.08961	-30.40057	652000	3.7252903e-09	1223.9355	-0.04195942	-426.59076	0.48211682	0.012204897	0.24475	79.0	286.6304807662964
163	238.82056	55.48835	367.58362	85.39543	53.753426	92.626045	54.790306	174.34988	-22.906343	656000	-3.7252903e-09	924.1325	-0.043059792	-280.82294	0.47765303	0.015022453	0.22850001	72.0	288.65186858177185
164	256.54956	59.87731	451.5424	143.49995	57.686565	101.38881	54.649086	175.64702	-10.662511	660000	-7.450581e-09	1014.28125	-0.021744898	-240.0326	0.475722	0.015331753	0.23425	15.0	290.50249576568604
165	233.22217	47.30998	344.00668	142.621	54.28767	101.6475	57.844894	178.0949	-7.501191	664000	2.2351742e-08	883.0849	-0.041553993	-244.5166	0.4749558	0.011927055	0.215	79.0	292.551554441452
166	249.90596	72.92277	426.25366	107.0635	58.092308	96.61178	54.560085	178.24295	-11.958848	668000	-1.8626451e-08	1551.9332	-0.018751018	-507.6237	0.47268316	0.016664915	0.20625001	14.0	294.3470675945282
167	246.31836	70.05852	404.108	79.938965	55.295776	107.43249	58.272892	180.32654	-12.811705	672000	-3.7252903e-09	1558.717	-0.015191558	-446.12854	0.47115555	0.015190871	0.20825	9.0	296.11754298210144
168	246.45135	73.08837	420.035	42.545475	58.727272	101.89593	56.775764	181.25554	-10.1962185	676000	5.5879354e-09	1468.0597	-0.0123185385	-361.31268	0.46968064	0.015238414	0.14625001	7.0	297.85581827163696
169	272.02295	73.78783	461.6679	114.27423	60.06154	107.849655	56.33389	181.81087	-5.4720163	680000	-3.3527613e-08	1491.1226	-0.025024576	-311.45688	0.46840772	0.0150029	0.21450001	23.0	299.70813488960266
170	268.44882	78.2318	459.41428	102.06075	58.32308	112.482574	58.597744	183.8421	-63.157337	684000	-2.9802322e-08	1653.3982	-0.043917626	-328.30188	0.46369287	0.011962999	0.25075	79.0	301.6558310985565
171	278.6162	71.12632	436.1378	112.36957	65.94827	111.44818	57.221138	185.69235	-6.705017	688000	7.450581e-09	1445.7815	-0.04260071	-316.7008	0.45668775	0.0142810345	0.2385	79.0	303.6416862010956
172	264.6032	70.24534	412.54208	52.879528	61.412697	111.17697	60.548195	187.20596	-10.006138	692000	-1.1175871e-08	1287.7675	-0.013045708	-261.10547	0.45222023	0.0160337	0.213	8.0	305.4381365776062
173	273.16617	89.71137	487.65256	99.61007	61.126984	110.05375	60.227776	188.14305	-27.19376	696000	-1.4901161e-08	1868.9137	-0.043733247	-428.0503	0.45162383	0.014357064	0.24274999	79.0	307.4075255393982
174	281.4881	78.59155	456.21762	84.34165	61.603176	115.49418	60.51435	189.88019	-8.443966	700000	1.8626451e-08	1387.5189	-0.0123833995	-320.4616	0.44254574	0.015921997	0.18124999	7.0	309.19561791419983
175	289.82675	82.816956	464.13297	125.302605	64.01667	120.429535	61.757744	191.97766	-8.021535	704000	-8.8475645e-09	1744.7163	-0.042783167	-368.6188	0.44211417	0.010313047	0.24075	79.0	311.1861274242401
176	277.066	80.16614	484.87106	87.840004	65.47458	114.83808	65.95624	194.65454	-39.332565	708000	0.0	1433.495	-0.017249439	-319.3723	0.43615362	0.016033713	0.20375	10.0	312.910564661026
177	275.78806	76.45316	488.30344	74.00546	63.55	116.38692	62.435196	195.18385	-59.102512	712000	1.4901161e-08	1280.6161	-0.046147004	-229.59496	0.43481472	0.010360154	0.24475	79.0	314.8392696380615
178	277.447	88.244385	452.29556	73.565384	64.066666	117.84982	64.419266	196.44247	-73.39902	716000	-1.8626451e-08	1865.5634	-0.02688982	-407.2513	0.4297403	0.015134976	0.20725	19.0	316.60006284713745
179	304.59723	89.00821	496.66	127.1246	70.07273	115.11973	63.047874	197.38489	-9.565555	720000	-1.8626451e-09	1697.5396	-0.009613182	-441.33243	0.42846972	0.01664846	0.2025	5.0	318.29362964630127
180	285.15085	82.94247	471.18686	119.43217	63.8	128.47585	63.899315	199.40149	-7.0259247	724000	7.450581e-09	1954.918	-0.027561132	-572.85925	0.42809662	0.015070777	0.18325	28.0	320.10226130485535
181	300.29178	81.3153	476.81995	131.56743	66.68965	122.71144	64.1841	200.06386	-10.150645	728000	1.4901161e-08	1747.4968	-0.023344219	-354.20337	0.42449957	0.015077632	0.18200001	23.0	321.8475947380066
182	314.405	64.71404	435.2177	156.6362	72.07407	121.14441	65.07646	201.30397	-37.671658	732000	2.4214387e-08	1368.8412	-0.011956015	-403.65237	0.42035306	0.015178255	0.20075	7.0	323.58127617836
183	326.10355	89.06315	475.977	140.24373	68.36842	129.40608	64.52973	202.37767	-12.439521	736000	1.4901161e-08	1907.2445	-0.019835435	-353.22177	0.41893384	0.015462299	0.18900001	16.0	325.39250588417053
184	338.9754	67.2167	483.35898	143.6663	71.22222	134.33925	66.442	205.15474	-28.546883	740000	-7.450581e-09	1187.7565	-0.04351378	-227.95505	0.41539857	0.013164701	0.242	79.0	327.3081750869751
185	319.6949	89.99147	484.78793	72.985016	69.59259	136.09354	67.23029	207.55702	-11.934139	744000	1.4901161e-08	1526.8208	-0.045768544	-301.3472	0.40985525	0.013347773	0.25825	79.0	329.27936577796936
186	312.44052	91.979515	464.12537	158.40912	66.413795	135.9915	68.13647	209.54855	-9.769587	748000	-7.450581e-09	2097.6846	-0.026396532	-427.21683	0.40329412	0.015054302	0.18075001	23.0	331.05168533325195
187	317.6917	87.66461	483.9424	123.4736	71.12727	131.00005	67.42462	210.77402	-16.621592	752000	-1.1175871e-08	2040.467	-0.019935926	-526.6559	0.4001038	0.01646394	0.236	12.0	332.80374813079834
188	336.36887	98.209656	508.31903	91.29159	69.0	138.71378	66.25949	211.2618	-9.686152	756000	7.450581e-09	2208.9985	-0.015553187	-373.55695	0.39758196	0.016542431	0.174	10.0	334.5358922481537
189	340.6153	90.66175	512.34485	137.11981	70.181816	141.28685	68.08717	213.05713	-8.877831	760000	-2.9802322e-08	1781.1842	-0.041892663	-324.68005	0.3947323	0.013526928	0.24299999	79.0	336.5059278011322
190	329.13083	85.04163	498.138	118.31268	71.44444	140.11441	71.67013	215.29713	-22.875134	764000	2.6077032e-08	1813.7129	-0.021387238	-514.10065	0.38820782	0.01568038	0.20175	14.0	338.2828702926636
191	329.20044	95.69215	540.53394	92.65023	69.48214	133.7432	71.41	216.56517	-63.993847	768000	0.0	1689.0045	-0.02689731	-347.69693	0.38863695	0.01514461	0.20475	25.0	340.05016112327576
192	342.6655	72.920845	491.65555	163.48608	72.45283	139.61534	70.504524	217.9863	-13.256726	772000	-1.1175871e-08	1263.5479	-0.04371609	-207.31653	0.38657358	0.011898965	0.2545	79.0	342.02743673324585
193	351.9971	84.93977	496.2761	152.4781	77.62	134.12425	73.11615	219.46887	-13.662084	776000	-3.7252903e-08	1635.3088	-0.026155747	-370.68744	0.38035852	0.015397177	0.21775001	21.0	343.78706455230713
194	351.6818	90.30708	499.71152	73.19673	74.21154	140.39693	73.8755	221.01755	-14.989117	780000	-1.21071935e-08	1485.0304	-0.038877197	-203.23216	0.38078326	0.011772234	0.22425	79.0	345.75489950180054
195	364.55658	93.92819	512.45935	81.117615	73.45283	148.01791	69.51124	222.46486	-12.055326	784000	-1.1175871e-08	1749.2334	-0.016813248	-251.53812	0.37645906	0.017420713	0.20275	8.0	347.48443937301636
196	343.0174	85.927414	490.09842	130.02797	72.830185	144.56075	74.62011	224.46773	-5.5587435	788000	-3.7252903e-09	1345.0818	-0.023186687	-283.05676	0.37450215	0.015936544	0.22125	17.0	349.2490830421448
197	363.98553	93.17461	524.148	82.082504	73.51923	149.99834	70.501015	225.50163	-8.295038	792000	7.450581e-09	1677.1179	-0.019630918	-314.0495	0.37177387	0.015036349	0.20425	12.0	351.11561822891235
198	365.39532	89.84922	516.315	147.39476	75.09804	151.21231	73.71215	227.33104	-13.545256	796000	9.313226e-09	1776.2102	-0.042404145	-295.96844	0.3701841	0.010171228	0.23525	79.0	353.09473061561584
199	348.5286	93.34116	511.9197	124.35325	74.26923	146.08224	75.96411	229.04932	-12.318694	800000	1.4901161e-08	1850.9982	-0.04183071	-405.92706	0.36918047	0.012160879	0.24075	79.0	355.0611159801483
200	347.42636	87.37764	497.44345	117.377884	73.07547	143.53015	74.0576	229.97404	-18.086834	804000	-3.7252903e-09	1812.5725	-0.017865222	-493.01288	0.36425653	0.015115639	0.19875	13.0	356.80869126319885
201	357.01868	102.79631	510.56244	1.5559738	77.58	141.40543	78.39789	230.60965	-11.087283	808000	-2.7008355e-08	1770.333	-0.01848841	-407.57886	0.3639171	0.015088666	0.19225001	11.0	358.54309034347534
202	343.90134	89.072105	494.6548	149.64961	70.75926	148.25635	78.18035	231.7139	-52.95108	812000	9.313226e-09	2103.6575	-0.042229213	-529.1412	0.36270818	0.0128842	0.23275	79.0	360.5265426635742
203	381.56244	105.93874	537.68945	85.812965	75.19231	148.07246	74.30075	232.02992	-13.307247	816000	-3.7252903e-09	2271.9805	-0.032462813	-663.19385	0.36123797	0.015021311	0.20925	31.0	362.4405586719513
204	376.46945	82.04717	502.41357	178.65146	74.333336	153.97804	77.06018	234.50398	-12.9561205	820000	-2.6077032e-08	1404.1687	-0.029984128	-273.34683	0.36016485	0.015129035	0.21425	27.0	364.27722239494324
205	359.0216	102.481705	543.0062	111.42718	73.528305	154.99716	79.89365	236.49298	-14.365449	824000	-2.2351742e-08	1908.7865	-0.0320077	-320.5935	0.3580722	0.01503835	0.21900001	30.0	366.12462306022644
206	388.2639	76.47584	555.61615	182.2404	82.91304	149.43561	79.665794	237.73338	-11.099911	828000	2.4214387e-08	1325.0242	-0.025285121	-257.05768	0.354761	0.01522567	0.17575	19.0	367.89540934562683
207	384.09488	83.99514	564.412	186.46562	78.541664	146.57411	80.95492	239.07614	-12.56621	832000	-1.8626451e-09	1407.6583	-0.020482305	-312.04755	0.35355943	0.01522297	0.2615	13.0	369.6832985877991
208	373.69583	90.77255	599.7912	186.59315	77.58	154.48906	81.86764	240.47069	-21.018713	836000	-1.8626451e-09	1664.2168	-0.0443895	-290.92157	0.35330722	0.013957388	0.26525	79.0	371.66170358657837
209	387.274	93.75118	528.2527	144.84897	77.408165	156.05861	80.40573	241.71512	-25.989185	840000	1.4901161e-08	1939.4542	-0.019731935	-469.84222	0.34342635	0.015414805	0.18	14.0	373.4038450717926
210	380.11072	75.88344	513.17126	208.61208	78.918365	160.2599	79.577065	242.93944	-12.421088	844000	-1.8626451e-09	1323.727	-0.022142524	-303.98035	0.34254688	0.015157029	0.20475	17.0	375.27490997314453
211	376.72635	91.58521	524.4042	14.75327	76.63265	149.45628	81.87771	243.70729	-21.668602	848000	9.313226e-09	1694.269	-0.020957477	-394.90155	0.33806822	0.015055539	0.20425001	11.0	377.03882598876953
212	406.47714	84.3168	578.1687	175.33722	77.8125	164.33313	79.78255	244.54724	-5.6652203	852000	1.1641532e-08	1654.6145	-0.015700806	-294.05447	0.33572495	0.015860975	0.201	12.0	378.80965757369995
213	367.7318	88.93226	547.58264	164.20287	71.2	161.3995	81.93449	246.20346	-15.666208	856000	3.7252903e-09	1771.5719	-0.042873457	-310.52866	0.33423716	0.013320384	0.25125	79.0	380.7663588523865
214	383.42645	89.84279	518.15063	139.99577	74.82	160.09065	80.28941	246.86673	-14.190999	860000	-1.4901161e-08	1552.3105	-0.020077312	-354.44434	0.33134735	0.015679263	0.18900001	12.0	382.58040165901184
215	384.4507	90.14662	550.39795	174.99052	74.98039	162.06265	82.60467	248.29025	-9.799743	864000	-3.7252903e-09	1619.7415	-0.040421322	-193.27351	0.330875	0.0150718745	0.26075	59.0	384.4856102466583
216	402.99454	95.046364	542.16235	155.75075	75.5098	166.1026	81.09127	249.24988	-66.012695	868000	1.1175871e-08	2073.9175	-0.016972436	-465.42682	0.3214762	0.015686292	0.2085	10.0	386.23048162460327
217	393.40488	91.60293	528.0371	188.75673	76.0	162.84348	83.35531	250.86786	-93.04783	872000	2.2351742e-08	1794.4412	-0.018144567	-365.5292	0.32099885	0.015340006	0.1985	13.0	387.99643182754517
218	398.46558	87.49618	571.47797	152.53316	79.34694	162.18713	84.01501	251.96788	-11.416736	876000	9.313226e-09	1658.7856	-0.035544373	-304.8211	0.319185	0.015001666	0.22	44.0	389.8766596317291
219	388.53903	100.24368	518.6271	152.61436	73.28846	168.89435	79.73643	252.90291	-4.5773954	880000	3.7252903e-09	2227.5269	-0.043478254	-597.0965	0.3157887	0.01033983	0.26425	79.0	391.93852066993713
220	389.6519	82.75731	589.97107	129.96217	76.44	159.69821	82.06401	254.0282	-10.943246	884000	-3.7252903e-08	1623.7012	-0.03513816	-528.05835	0.3144022	0.015219724	0.22425	41.0	393.84027552604675
221	398.16785	91.61585	519.4776	122.61032	78.14286	165.01422	82.91286	254.35625	-5.9693727	888000	5.5879354e-09	1929.8171	-0.018706571	-402.4916	0.3116234	0.015106089	0.20775	12.0	395.6028070449829
222	404.12314	106.00352	593.8853	87.99408	76.74	166.38725	80.57743	255.26276	-16.62107	892000	0.0	2113.6023	-0.04260627	-442.26093	0.31196237	0.014183867	0.239	79.0	397.74003052711487
223	391.66397	86.28097	574.5788	154.0348	78.8	171.13094	83.84434	256.43036	-4.537593	896000	-2.9802322e-08	1988.0742	-0.024213439	-542.92017	0.30747932	0.015306222	0.18724999	20.0	399.59376978874207
224	397.35352	92.71791	580.1302	108.700005	77.36	161.05997	83.55164	256.74197	-38.094917	900000	-1.3038516e-08	1462.2537	-0.0453691	-447.18555	0.30614176	0.010146862	0.235	79.0	401.572731256485
225	400.29642	87.50279	557.29486	176.00987	78.26	166.86713	83.85689	257.826	-11.817829	904000	-1.4901161e-08	1624.8225	-0.042044125	-470.39468	0.29764384	0.013527043	0.2405	79.0	403.4965422153473
226	408.68686	80.16976	603.29236	181.05673	78.244896	167.71046	85.250786	258.8679	-103.8319	908000	1.3038516e-08	1618.9124	-0.020731306	-432.93652	0.29186866	0.01577166	0.2195	12.0	405.34146070480347
227	413.22556	76.49746	654.3393	204.34271	77.12	171.5031	84.132835	259.85635	-8.633262	912000	1.8626451e-09	1299.8606	-0.02272918	-348.51202	0.29009238	0.015680848	0.204	15.0	407.1509244441986
228	401.28918	91.83502	563.1006	195.36046	77.07843	173.47687	85.44252	260.89246	-33.806435	916000	-1.21071935e-08	1755.5978	-0.016105738	-427.4807	0.2880387	0.015051276	0.21425	10.0	408.8998489379883
229	388.69446	93.14561	504.38986	124.391205	76.62745	167.03581	87.467804	261.87283	-54.624054	920000	2.9802322e-08	1770.6039	-0.01234918	-378.9987	0.28676113	0.015626125	0.23824999	7.0	410.663316488266
230	420.95023	82.30745	595.8147	189.06462	83.652176	159.16809	86.75729	262.0108	-15.547121	924000	2.6077032e-08	1631.3062	-0.01608054	-443.34058	0.28601068	0.015412253	0.16925001	10.0	412.4177453517914
231	402.90314	93.29902	554.20734	150.20052	78.63265	172.17628	86.10089	263.49307	-7.981511	928000	1.4901161e-08	1536.6233	-0.021304002	-398.791	0.28551847	0.015173711	0.24024999	13.0	414.1994297504425
232	436.6143	79.205376	595.76245	169.98273	83.67391	168.99167	87.58143	264.4595	-13.849528	932000	2.2351742e-08	1445.0378	-0.014606971	-276.6059	0.28594294	0.015122932	0.19	8.0	415.9167821407318
233	422.21866	81.59722	618.3191	160.40326	82.13043	175.23677	88.79285	266.42978	-25.04245	936000	-1.4901161e-08	1343.6453	-0.01881085	-239.43857	0.28596875	0.015351481	0.2595	13.0	417.6640863418579
234	407.67978	99.704704	601.68536	155.66618	76.62	175.02489	85.83125	267.5108	-9.082206	940000	-1.21071935e-08	1813.7317	-0.040771186	-401.47998	0.28628942	0.015091662	0.23525	68.0	419.62890625
235	410.89728	98.734215	610.36993	119.122284	76.74	168.68745	88.35865	268.39307	-73.18599	944000	1.8626451e-08	1540.9291	-0.045072187	-519.1985	0.28013074	0.014807815	0.2445	79.0	421.64314579963684
236	424.42606	57.023026	528.6731	287.13687	79.541664	175.48624	87.75687	268.93475	-18.879978	948000	-3.7252903e-09	910.6929	-0.0214604	-257.86823	0.27485946	0.015236714	0.1855	14.0	423.455087184906
237	419.9088	88.077774	562.8103	151.24113	80.510635	174.23524	89.67756	269.84708	-15.736708	952000	1.4901161e-08	1520.863	-0.017442986	-274.685	0.27240035	0.015293856	0.21825	12.0	425.16911816596985
238	440.62338	60.027065	545.0646	284.7333	79.5	180.13475	86.64263	270.7735	-12.94235	956000	1.8626451e-09	882.45667	-0.031499926	-268.34982	0.2703892	0.015161446	0.228	27.0	426.9424841403961
239	408.4053	98.524864	584.00275	133.79228	75.82	179.42816	89.33952	272.4872	-5.26668	960000	-1.4901161e-08	1445.1584	-0.029157303	-339.6175	0.26459512	0.015287317	0.22	24.0	428.7034418582916
240	417.38364	92.2739	563.4016	168.57593	79.229164	182.10294	90.9283	273.31992	-14.495252	964000	-2.2351742e-08	1794.9496	-0.012342822	-359.98816	0.26267937	0.015036968	0.15325001	7.0	430.43679571151733
241	437.14478	90.396095	603.9961	137.57956	82.55319	170.53856	91.52321	273.57147	-23.290974	968000	-3.7252903e-09	1363.1226	-0.044079907	-358.0047	0.26289007	0.013278109	0.2565	79.0	432.43469500541687
242	440.00082	77.42982	567.5395	202.021	80.166664	183.37535	92.5009	275.09033	-73.306625	972000	1.8626451e-08	1383.7969	-0.04570142	-327.8477	0.25878516	0.013781257	0.25625002	79.0	434.4321765899658
243	441.66162	67.254036	553.0617	262.95428	81.1875	181.76675	90.81246	276.31564	-6.7901707	976000	0.0	910.02905	-0.021303397	-137.31563	0.25329646	0.015648304	0.21825	11.0	436.1784088611603
244	425.519	66.98089	554.72986	196.21223	82.86957	181.9647	92.5797	277.669	-14.229117	980000	-8.381903e-09	1035.387	-0.011870004	-265.24048	0.2521352	0.0152134895	0.1755	7.0	437.95615339279175
245	413.96683	91.76407	574.2662	169.07233	80.333336	173.31548	91.06505	278.02255	-14.089893	984000	1.8626451e-09	2004.4011	-0.014998358	-415.07443	0.25090882	0.015687808	0.2225	12.0	439.7063801288605
246	444.40118	108.53931	794.6858	167.86922	81.914894	182.07318	86.01109	278.1628	-19.62093	988000	2.4214387e-08	2530.3706	-0.011327019	-535.9923	0.24927942	0.016307866	0.133	7.0	441.4137954711914
247	432.2409	70.55488	583.48065	254.46974	82.723404	174.99315	92.03004	279.53796	-23.039635	992000	-1.1175871e-08	1007.17847	-0.01984702	-311.3434	0.24856642	0.015027672	0.2195	12.0	443.2096679210663
248	441.61807	80.355	578.84595	226.16397	82.46809	181.58388	89.26675	280.05902	-14.695076	996000	7.450581e-09	1010.59546	-0.012638486	-194.21344	0.24885966	0.018688206	0.2135	6.0	444.9189133644104
249	437.0851	92.05265	689.147	167.9627	82.085106	184.43896	92.79056	280.99924	-13.906554	1000000	-1.8626451e-09	1650.5233	-0.018532678	-388.22018	0.24872755	0.015574222	0.23425001	11.0	446.65484738349915
250	443.4568	98.337944	598.4892	175.2395	81.76596	185.96138	91.585754	281.87408	-29.580864	1004000	-1.8626451e-08	1795.3433	-0.009173106	-270.82675	0.2472346	0.01568992	0.1785	6.0	448.4101941585541
251	456.3296	74.6628	575.8641	196.43047	86.88636	182.7882	90.80928	282.92133	-6.634926	1008000	-1.44355e-08	1253.1428	-0.010824268	-356.63998	0.24660501	0.017096933	0.21724999	6.0	450.1365749835968
252	441.28476	105.710915	596.5133	68.26589	84.666664	185.35164	94.56458	283.9684	-16.99336	1012000	1.1175871e-08	2062.301	-0.043830223	-497.88293	0.24652788	0.0150165465	0.268	77.0	452.1088354587555
253	450.7429	86.46025	620.3469	152.79926	84.97727	188.39476	89.64921	284.03537	-8.267706	1016000	-1.4901161e-08	1607.2091	-0.013083734	-318.49664	0.24111123	0.015268644	0.18875	6.0	453.8260567188263
254	460.92435	74.80776	576.00507	170.00755	87.545456	182.91188	93.07709	284.7958	-11.715622	1020000	-3.7252903e-09	1133.6592	-0.006555091	-247.87125	0.24049278	0.015726896	0.1585	4.0	455.5131826400757
255	473.0196	69.70008	620.07196	338.4249	90.95238	186.64754	93.651024	286.27975	-14.874901	1024000	-3.3527613e-08	987.97327	-0.014366531	-175.21707	0.23967364	0.015255872	0.1895	8.0	457.22706055641174
256	460.504	65.59274	589.40735	290.75302	84.95744	188.14409	94.8123	287.87384	-4.2865486	1028000	1.4901161e-08	1135.7842	-0.011172837	-402.07166	0.23893224	0.015332329	0.23249999	7.0	458.91196870803833
257	443.62997	92.151665	641.1446	95.68716	83.391304	186.73935	95.1424	289.07104	-37.40745	1032000	5.5879354e-09	1271.4418	-0.013225904	-302.1073	0.23855452	0.015193924	0.16775	6.0	460.6477975845337
258	469.18417	97.13354	731.6435	187.54572	85.891304	188.46597	93.09273	289.43256	-7.705431	1036000	-3.7252903e-09	2009.4282	-0.036815114	-497.56985	0.2377236	0.015010167	0.23449999	52.0	462.5301887989044
259	430.71527	92.16812	553.239	180.84825	80.97872	194.58229	96.413994	290.75653	-17.11103	1040000	9.313226e-09	2509.505	-0.027053695	-1058.0225	0.23639397	0.0150301885	0.2375	20.0	464.30453634262085
260	461.58743	105.32004	665.44775	172.63297	84.97727	183.7985	92.91531	290.82297	-31.522219	1044000	0.0	2069.0718	-0.015623683	-543.0822	0.23488334	0.0151524935	0.15525001	9.0	466.02897691726685
261	462.6748	76.59132	605.0019	122.94414	85.318184	192.0413	93.03381	291.7862	-23.789206	1048000	-7.450581e-09	1486.0913	-0.019431116	-461.1701	0.23404895	0.015374983	0.20525	12.0	467.77640438079834
262	466.48575	97.714035	724.7886	166.75003	89.46512	188.15521	94.96659	292.74652	-132.17696	1052000	2.6077032e-08	2303.1343	-0.043633908	-837.51886	0.2337793	0.011750447	0.2625	79.0	469.7912929058075
263	463.36615	58.212654	576.3744	272.30566	85.333336	185.32913	94.094826	293.0064	-17.086355	1056000	-9.778887e-09	941.6599	-0.020873735	-302.06573	0.22868198	0.015843993	0.21475	11.0	471.531076669693
264	429.65295	98.287865	584.16974	85.177124	82.23404	191.36829	97.11985	293.66315	-13.774429	1060000	4.0978193e-08	2135.881	-0.017828492	-820.4678	0.22788802	0.016601825	0.24874999	8.0	473.27779507637024
265	470.61072	74.82802	627.4561	274.34756	86.08889	185.62932	92.44151	293.37918	-16.411556	1064000	4.4703484e-08	1258.1866	-0.010476203	-430.7813	0.22698796	0.0154267475	0.20925	8.0	474.9929242134094
266	475.49673	98.64989	688.4518	130.72206	87.48837	190.6957	97.6532	294.62177	-15.499916	1068000	-1.8626451e-08	2317.872	-0.014694253	-747.428	0.22701196	0.016140983	0.1885	9.0	476.6788113117218
267	446.6096	80.926544	647.1082	210.59453	83.37778	194.09311	97.073586	295.2365	-8.283438	1072000	-3.9115548e-08	1374.8359	-0.045554806	-421.52103	0.22651137	0.014056274	0.25524998	79.0	478.5865104198456
268	465.8576	79.74532	590.9789	234.30981	82.26087	195.92006	94.025276	295.71655	-17.790833	1076000	1.1175871e-08	1151.5771	-0.031034287	-266.921	0.226835	0.015200464	0.19275	32.0	480.3611493110657
269	466.15433	82.081795	592.8258	188.01895	84.77778	194.21945	97.618126	296.6945	-28.203762	1080000	1.0244548e-08	1108.112	-0.010326402	-237.97487	0.2262984	0.015131681	0.1965	5.0	482.0488603115082
270	467.8903	105.6678	681.3046	180.3418	85.82222	186.91957	101.8545	297.32495	-59.252617	1084000	-1.1175871e-08	1817.8695	-0.016904984	-372.96124	0.22616796	0.015857074	0.23449999	10.0	483.7707989215851
271	469.6322	100.330055	855.0571	176.6111	82.80851	194.83932	96.547935	298.38043	-59.690323	1088000	2.9802322e-08	1955.7236	-0.021741321	-625.11237	0.22584592	0.015133791	0.22825	14.0	485.4865400791168
272	457.432	98.6374	669.8586	161.29938	81.893616	197.09715	94.59432	299.11743	-10.675863	1092000	3.3527613e-08	1906.4197	-0.021669813	-495.2208	0.224116	0.0150492545	0.19075	18.0	487.2242314815521
273	468.78497	92.58843	639.1097	156.1621	83.17391	196.58345	97.12137	299.22287	-13.881676	1096000	7.450581e-09	1529.6873	-0.019158628	-371.04752	0.22151178	0.015735678	0.24149999	10.0	488.9241614341736
274	472.57727	109.62735	727.9599	144.33284	85.04444	195.5292	98.98637	300.18808	-35.004486	1100000	-2.2351742e-08	2048.4756	-0.04177838	-391.10724	0.21991388	0.014090892	0.24325001	79.0	490.8760144710541
275	471.89288	111.68791	669.5777	125.9783	85.933334	199.16226	99.35791	302.00668	-25.594423	1104000	1.6763806e-08	1942.9607	-0.042629164	-329.47238	0.21491136	0.012095265	0.25925	79.0	492.83054637908936
276	477.7125	72.95785	661.3274	327.63644	88.16279	193.28671	98.77432	302.50827	-15.577513	1108000	2.7939677e-08	1260.8625	-0.031778228	-250.73073	0.20838478	0.015219849	0.21275	23.0	494.6186771392822
277	470.2073	92.43504	710.9594	275.8154	86.931816	190.9632	100.918304	303.3564	-40.02025	1112000	7.450581e-09	1610.408	-0.017397637	-347.84586	0.20456156	0.015023869	0.23200001	10.0	496.353643655777
278	469.02264	101.22684	805.5855	220.06093	85.155556	194.6994	99.469086	303.4959	-14.637941	1116000	-2.2351742e-08	1684.7009	-0.012435799	-434.97906	0.20355792	0.01605653	0.2165	6.0	498.0658061504364
279	483.07578	113.64351	860.89825	183.94315	87.59091	195.93945	100.48727	304.4523	-15.728151	1120000	2.6077032e-08	2334.0835	-0.022685016	-601.0139	0.20276953	0.015016104	0.21275	17.0	499.7867269515991
280	494.88147	81.91595	712.7777	327.23135	92.560974	194.76038	99.83327	305.26678	-18.644035	1124000	0.0	1320.1077	-0.047037516	-285.87207	0.19979398	0.015069332	0.26900002	74.0	501.6888358592987
281	479.3386	109.070465	682.48975	177.81548	92.14286	191.2893	102.51669	306.31204	-58.966736	1128000	-2.2351742e-08	2350.844	-0.012275311	-634.28906	0.19381781	0.015021035	0.2025	5.0	503.3768858909607
282	481.3628	93.94625	672.2371	160.25818	83.74468	200.4788	97.202126	307.06467	-11.875452	1132000	1.4901161e-08	1287.2776	-0.01889772	-437.38544	0.19378558	0.015612238	0.20125	10.0	505.05200934410095
283	521.88464	109.95144	890.22845	127.714386	91.42857	202.98288	101.4977	308.75452	-5.916067	1136000	-3.8649887e-08	2099.5989	-0.043496683	-567.3972	0.19251081	0.0108990725	0.24949999	79.0	507.00123357772827
284	474.2666	114.36194	690.628	66.69509	86.954544	206.99814	102.37344	311.33835	-14.842869	1140000	-1.4901161e-08	1935.8303	-0.038333543	-675.1547	0.18502994	0.015109591	0.25025	46.0	508.82947039604187
285	486.08984	93.40015	635.9986	179.41612	89.74419	200.749	98.93902	311.34424	-15.0414295	1144000	-1.4202669e-08	1719.1924	-0.02168027	-506.9351	0.18403636	0.015551672	0.2315	13.0	510.54582691192627
286	470.79483	108.28735	771.3282	183.86093	87.76744	192.64883	107.409	311.6087	-166.62558	1148000	3.7252903e-09	2896.9482	-0.017213337	-1237.6517	0.18445256	0.015306188	0.21	10.0	512.2538800239563
287	506.73083	115.35323	853.5744	122.93471	87.818184	203.20522	94.79769	311.35587	-17.927164	1152000	0.0	2420.3818	-0.009183949	-612.6278	0.18437476	0.01731668	0.19275	5.0	513.9469039440155
288	490.157	96.79382	668.03534	189.07199	89.76744	203.43822	102.29031	312.31512	-1.5135746	1156000	-4.656613e-10	1484.7175	-0.019660164	-412.73126	0.18454884	0.015793424	0.2	11.0	515.6641187667847
289	473.80814	101.477104	738.6057	120.66027	88.325584	197.73656	100.85349	312.21472	-26.461622	1160000	1.1175871e-08	1577.0255	-0.044063687	-453.5172	0.18514235	0.015006901	0.2475	69.0	517.5798497200012
290	515.41754	90.8379	773.492	235.30635	95.53846	199.47696	102.91169	312.07242	-42.70008	1164000	-3.1664968e-08	1837.9321	-0.017746456	-590.70557	0.18570387	0.01613823	0.19925	9.0	519.2865567207336
291	503.07077	130.24449	834.11523	185.64456	88.69768	209.52773	102.865685	313.84128	-53.581955	1168000	-7.450581e-09	3157.4526	-0.019426445	-755.8628	0.18454859	0.015766665	0.242	13.0	521.078676700592
292	496.65137	109.81937	737.3928	206.29929	88.61905	211.91241	100.47855	315.36697	-17.535646	1172000	-1.3038516e-08	2021.7432	-0.034617662	-386.23654	0.18387029	0.015211616	0.22099999	41.0	522.9142837524414
293	465.56934	114.595856	663.72986	121.25344	88.11364	202.18637	104.479675	316.0604	-19.158989	1176000	-2.2351742e-08	2879.5278	-0.025516832	-1006.0219	0.1816918	0.0156227015	0.2245	20.0	524.6874711513519
294	496.14212	140.88536	847.8739	121.406105	90.2381	193.20825	99.488396	314.73502	-32.124603	1180000	-7.450581e-09	2678.9277	-0.013260478	-832.24677	0.1796334	0.015493442	0.22275	6.0	526.3822166919708
295	523.3766	104.79826	848.3839	238.6803	95.0	205.93694	105.22646	315.81406	-33.83284	1184000	-2.4214387e-08	1987.4675	-0.037742823	-423.63763	0.1788581	0.015311426	0.21849999	44.0	528.2396779060364
296	500.52753	102.78726	777.9335	202.20752	91.46342	211.6261	101.42916	316.82608	-4.720112	1188000	2.0489097e-08	2220.713	-0.04468762	-600.33887	0.17754544	0.012427418	0.2595	79.0	530.1765809059143
297	501.28702	146.02228	857.91595	177.29822	89.02381	210.22575	101.70655	317.20184	-37.27177	1192000	3.8649887e-08	3889.2766	-0.040456228	-1174.2876	0.17205338	0.015109272	0.26275	55.0	532.0131859779358
298	515.80096	128.45126	809.2484	122.15941	93.82927	206.954	102.914154	318.83453	-8.307638	1196000	-3.5390258e-08	2404.992	-0.023941845	-581.659	0.17004386	0.015214206	0.197	16.0	533.7279181480408
299	497.26794	148.25131	876.39075	51.916023	90.88095	202.75943	111.915764	320.2721	-67.298004	1200000	9.313226e-09	3129.8809	-0.01660913	-689.10596	0.17062165	0.015798625	0.2295	10.0	535.4258306026459
300	489.049	145.09155	809.3743	157.30765	88.333336	217.1516	101.333145	320.07666	-19.72557	1204000	-2.4214387e-08	4655.956	-0.019922026	-1370.426	0.1700308	0.015116927	0.23625	15.0	537.1757028102875
301	502.52164	104.01579	679.975	147.34418	94.76923	197.41673	106.50952	321.11768	-16.703346	1208000	3.3993274e-08	2329.5137	-0.013954135	-922.753	0.16750763	0.017625684	0.18575001	7.0	538.9056751728058
302	521.8072	117.52269	822.8708	130.73016	91.11905	204.90485	104.05478	321.1431	-88.82608	1212000	-3.7252903e-08	2480.1997	-0.035821382	-1004.749	0.16691515	0.015046924	0.19775	37.0	540.7061767578125
303	513.01416	111.85012	906.7872	266.3999	89.558136	215.96779	102.529015	322.40186	0.71884155	1216000	2.6077032e-08	1902.8568	-0.035270333	-392.67963	0.1640837	0.015047675	0.23775	32.0	542.4987053871155
304	528.02545	111.75003	846.30164	320.5213	96.871796	211.52655	102.688774	323.4596	-32.900208	1220000	1.9557774e-08	1993.9261	-0.019841922	-575.7452	0.16608573	0.016711555	0.20300001	13.0	544.2223329544067
305	530.57184	90.63857	819.7957	409.8778	97.20513	203.4966	105.976265	323.78113	-29.665018	1224000	-2.2351742e-08	1936.1045	-0.037271645	-838.72534	0.16480176	0.015057116	0.22425	41.0	546.0284984111786
306	522.80194	111.59297	932.62494	370.40747	97.46154	210.46481	106.28319	324.49472	-14.14876	1228000	1.4901161e-08	2241.354	-0.022986978	-568.15295	0.15538995	0.015067962	0.2555	12.0	547.7759826183319
307	547.7908	123.51473	787.5733	201.38676	98.948715	208.03766	104.9534	324.8482	-19.039322	1232000	5.5879354e-09	2696.2915	-0.010281628	-733.28186	0.15382908	0.015571369	0.16600001	6.0	549.4515392780304
308	535.2033	137.63025	849.3141	124.95659	97.333336	218.75969	108.690056	327.2828	-20.722147	1236000	-7.450581e-09	2946.8735	-0.034130618	-649.8203	0.15331908	0.015043613	0.24475	33.0	551.2419414520264
309	503.00275	106.62565	807.7743	217.4643	92.275	211.82422	107.74721	328.91077	-17.131634	1240000	0.0	2219.1147	-0.043172397	-722.2173	0.15676026	0.015031384	0.25075	62.0	553.1558175086975
310	557.30365	170.08946	1156.2175	133.0256	98.72973	213.76494	98.686554	328.4751	-8.924944	1244000	-4.284084e-08	4114.697	-0.016680818	-1417.6544	0.14413849	0.015204033	0.1655	9.0	554.8817200660706
311	511.97226	135.60541	814.40497	174.70854	98.871796	222.32387	108.07382	330.777	-36.664307	1248000	-4.4703484e-08	3784.0654	-0.011175983	-1342.714	0.14246032	0.015020534	0.2025	5.0	556.5750286579132
312	528.299	128.15584	746.066	159.08902	97.38461	208.8988	104.872826	329.8559	-16.18759	1252000	-1.8626451e-08	2993.6868	-0.018007446	-898.3728	0.14123993	0.016090944	0.20899999	9.0	558.2768721580505
313	552.1925	116.906395	806.5316	187.53873	97.48718	213.1523	104.458336	329.88812	-12.470879	1256000	1.1175871e-08	2226.5774	-0.043884523	-572.9171	0.13930126	0.015073057	0.262	66.0	560.1714808940887
314	534.59973	144.10574	943.8138	172.32913	91.333336	223.56569	103.502945	331.0529	-17.13177	1260000	2.4214387e-08	2470.6018	-0.020602463	-458.20886	0.13286683	0.015935306	0.21575001	12.0	561.8955299854279
315	573.0939	109.05326	802.58044	244.26004	99.4359	225.82875	107.6951	332.38196	-21.331823	1264000	-2.4214387e-08	1632.5844	-0.020677157	-318.36853	0.13234003	0.015639719	0.19874999	14.0	563.5877461433411
316	514.6085	92.37946	707.6803	188.49986	91.16279	216.92363	111.19167	334.31372	-13.645994	1268000	-1.8626451e-08	1667.8989	-0.015511453	-416.24866	0.13105375	0.015522769	0.198	9.0	565.2941493988037
317	495.29605	131.63379	928.99756	146.98486	88.97619	212.722	106.76905	333.8008	-32.49562	1272000	0.0	3057.4614	-0.014808831	-861.7765	0.13053979	0.01714617	0.21475	6.0	567.0027449131012
318	521.3634	119.600296	797.46564	197.59373	93.4	207.54532	103.504715	333.27798	-31.247442	1276000	0.0	2414.4473	-0.010377665	-818.70557	0.1298632	0.016497098	0.21900001	7.0	568.7057657241821
319	507.51324	123.64102	910.3289	212.3091	92.52381	210.57494	110.2727	333.5435	-208.23166	1280000	1.4901161e-08	3492.3965	-0.036857896	-1408.2373	0.12866302	0.015139898	0.24599999	37.0	570.4957294464111
320	541.46313	123.604385	766.8633	38.925537	100.23684	197.39328	107.78406	333.46793	-27.595781	1284000	4.8428774e-08	2571.7856	-0.03425307	-995.49976	0.12241975	0.015015004	0.2045	27.0	572.3288080692291
321	535.71765	173.6785	929.6464	75.09567	96.589745	220.23553	105.91674	333.59796	-32.72075	1288000	-2.2351742e-08	3528.883	-0.017666098	-856.3828	0.12031873	0.015296816	0.23449999	8.0	574.0431876182556
322	557.9776	113.21291	809.68134	282.55496	96.789474	217.2454	110.332245	334.77817	-10.005152	1292000	0.0	1830.0468	-0.017157357	-425.53802	0.12028987	0.015209945	0.226	11.0	575.7388525009155
323	528.1703	130.87708	740.14325	180.82523	93.5	225.57115	106.87266	335.94107	-33.08593	1296000	-1.8626451e-08	3658.2625	-0.008063361	-1033.3483	0.11993552	0.015296586	0.178	4.0	577.4392614364624
324	521.0335	90.38393	724.02795	191.87279	90.30232	219.24904	106.16804	335.94354	-62.09989	1300000	4.3481123e-08	1754.3142	-0.0082269125	-496.54535	0.11940236	0.015011252	0.16025001	5.0	579.1320962905884
325	554.00867	142.72783	880.8241	152.09906	92.29269	221.4427	104.32944	335.40125	-15.198393	1304000	7.450581e-09	3119.4067	-0.007204894	-651.73083	0.118912175	0.015064072	0.14425	5.0	580.803103685379
326	574.1728	126.46824	931.9985	260.26407	102.64865	218.62357	107.94985	337.3676	-26.577919	1308000	3.7252903e-08	2613.8892	-0.019161936	-674.9542	0.11845423	0.015676143	0.197	11.0	582.544796705246
327	559.5217	128.79692	922.8374	243.90932	99.054054	227.93155	109.34353	338.8918	-13.766674	1312000	-3.7252903e-09	2471.6194	-0.01783391	-629.6123	0.11697764	0.01609469	0.23624998	11.0	584.2235279083252
328	521.108	143.81721	843.90314	125.45734	93.68293	222.4404	106.598236	340.4482	-10.219608	1316000	-1.6763806e-08	2825.9922	-0.013455013	-872.6394	0.11475447	0.0153791495	0.19775	8.0	585.90287733078
329	535.9567	118.3096	804.7	308.3393	98.447365	211.41237	107.28633	340.13043	-29.51995	1320000	-7.450581e-09	2279.8096	-0.019519731	-714.06824	0.11414877	0.015504746	0.206	10.0	587.6330924034119
330	518.8644	140.03767	706.26776	157.1525	95.325	218.48875	110.64904	340.11298	-12.209221	1324000	2.6077032e-08	3236.2563	-0.045932397	-1196.1445	0.11382693	0.014394682	0.27199998	79.0	589.5847475528717
331	593.42053	168.7559	1104.4895	267.52954	107.44444	199.07187	102.57052	339.61514	-4.8234673	1328000	-7.450581e-09	5253.657	-0.016054925	-3064.2139	0.1096809	0.015903715	0.211	10.0	591.2893414497375
332	550.58453	125.057625	841.9991	197.91441	106.55556	226.52672	113.86729	341.86993	-13.380495	1332000	-2.4214387e-08	3333.4722	-0.016330805	-1596.531	0.108919	0.0162121	0.22899999	10.0	592.9881052970886
333	548.5203	121.00388	879.2976	195.40753	94.475	220.82394	109.57918	341.84067	-17.059025	1336000	7.450581e-09	3121.1807	-0.039705474	-1001.292	0.10806696	0.015104365	0.2455	58.0	594.8382518291473
334	522.90393	116.81371	824.8774	310.1507	92.025	224.91452	106.350525	341.505	-10.25296	1340000	2.6077032e-08	2349.2834	-0.04425507	-683.3727	0.100152485	0.0150650125	0.23775	63.0	596.717732667923
335	501.05002	143.03589	804.7777	132.37614	89.97727	213.00925	108.040344	340.9586	-39.366318	1344000	-3.7252903e-08	2879.5874	-0.05011388	-745.60175	0.09426161	0.0137110595	0.28425002	79.0	598.8166460990906
336	560.0234	143.08311	855.78827	195.95508	98.23684	218.44627	108.51623	340.81342	-13.794254	1348000	-2.6077032e-08	2851.6606	-0.011516742	-711.7853	0.092635326	0.016015345	0.19725001	5.0	600.5189919471741
337	593.73065	141.54398	911.31396	348.61658	103.189186	218.91084	106.841835	342.29474	-9.468853	1352000	3.7252903e-09	2637.607	-0.021378824	-896.08734	0.0926549	0.01551039	0.244	10.0	602.2174608707428
338	536.5137	105.57605	786.85266	297.25806	97.20513	223.48375	117.09769	344.39496	-15.575699	1356000	-7.450581e-09	2186.9229	-0.049212217	-739.573	0.09241513	0.01420851	0.27324998	79.0	604.1152436733246
339	495.4538	143.73004	1012.958	128.4171	89.81396	223.34496	110.393166	344.3322	-16.278019	1360000	5.5879354e-09	3273.7354	-0.015946478	-1015.9531	0.08739358	0.0168309	0.22275001	8.0	605.7928295135498
340	575.9579	137.14401	843.11487	196.45119	102.210526	206.12384	104.524796	343.47888	-26.944042	1364000	-3.7252903e-09	3872.838	-0.018533502	-1408.5532	0.087470934	0.0151462	0.22049999	12.0	607.5105266571045
341	542.838	97.489395	745.12775	136.06627	98.9	218.14465	113.30453	344.71832	-12.35256	1368000	-1.4901161e-08	2093.6057	-0.009158919	-678.36554	0.08597251	0.015165857	0.1535	5.0	609.200163602829
342	548.76886	129.01266	887.1717	288.43338	92.925	226.32903	106.624405	344.01343	-15.845398	1372000	1.8626451e-09	3436.003	-0.014131773	-949.24036	0.085237935	0.015616441	0.194	8.0	610.890344619751
343	554.2614	143.5521	913.83856	93.43831	95.325	220.26697	108.90155	344.90112	-85.61349	1376000	-2.142042e-08	2754.9202	-0.037583575	-899.8031	0.08435546	0.015254892	0.217	52.0	612.7089722156525
344	573.3576	144.55692	969.7625	312.9432	99.42105	230.75891	107.677155	345.39737	-16.787352	1380000	-1.1175871e-08	2615.4194	-0.011429842	-532.62695	0.08478202	0.0155156385	0.2035	4.0	614.4505336284637
345	572.34937	136.30753	802.8539	302.26364	102.27778	234.21924	109.79644	347.16458	-67.56435	1384000	-1.8626451e-08	3637.2744	-0.03912143	-1552.0039	0.08475545	0.01507404	0.26349998	42.0	616.2609088420868
346	531.84656	107.75925	738.58026	248.95137	95.9	221.45456	113.81548	347.833	-27.392883	1388000	1.8626451e-08	1971.2014	-0.04857915	-644.7361	0.07733792	0.015321378	0.26099998	67.0	618.165121793747
347	597.72064	126.261284	1052.4963	407.40372	105.4	213.12088	116.8681	347.4811	-40.555824	1392000	4.8428774e-08	2980.099	-0.04492382	-909.52765	0.07567041	0.015159294	0.24274999	52.0	620.0548360347748
348	559.5076	122.70754	807.1675	262.67014	99.35135	230.90138	112.4339	349.1133	-80.00325	1396000	-1.1175871e-08	2842.4224	-0.048339486	-779.40076	0.07537273	0.012624783	0.27775002	79.0	621.9863893985748
349	561.66516	144.0413	931.77734	176.85617	98.02631	224.58072	109.45258	348.73138	-45.63081	1400000	-1.1175871e-08	2642.5156	-0.018199345	-610.61206	0.079050854	0.015330229	0.21000001	9.0	623.7143115997314
350	542.22363	141.0447	862.8798	189.47314	94.375	227.96034	112.65228	349.1152	-41.35003	1404000	2.9802322e-08	3604.6455	-0.039898112	-967.1167	0.07948937	0.0150817735	0.24450001	53.0	625.5370082855225
351	601.19977	145.29765	990.58435	216.98749	108.70588	216.30531	109.2045	348.88916	-42.665398	1408000	-1.1175871e-08	3712.8032	-0.025798123	-1440.1971	0.074294925	0.015410703	0.22049999	18.0	627.2764930725098
352	560.4809	139.13477	951.16187	161.31738	100.0	229.51566	110.70936	349.89972	-50.107178	1412000	-3.7252903e-09	3599.449	-0.009699337	-1003.5913	0.07406873	0.015584152	0.19125	5.0	628.9690222740173
353	554.50336	114.14841	782.626	187.46231	99.72973	216.84097	111.64513	350.691	-10.894308	1416000	-1.1175871e-08	1950.8602	-0.016959872	-426.17548	0.073931076	0.01632654	0.24974999	8.0	630.6445107460022
354	547.88824	117.23431	804.4613	179.40675	95.20513	224.11075	111.67513	350.60458	-11.93531	1420000	-2.4214387e-08	2235.1992	-0.017348483	-414.50528	0.07345456	0.015047936	0.186	10.0	632.4002878665924
355	566.5039	127.83846	886.64496	146.50723	101.46154	222.10922	114.270836	350.5238	-16.950645	1424000	-4.284084e-08	2773.622	-0.013911411	-558.96136	0.072092	0.016247988	0.2225	8.0	634.0728023052216
356	555.2905	137.74278	772.9182	16.587955	97.74359	226.59378	113.86973	350.7488	-59.83024	1428000	1.3038516e-08	2621.658	-0.010029788	-773.7501	0.07094078	0.015687067	0.17325	5.0	635.8086833953857
357	561.0318	161.28346	1119.0929	197.60463	98.410255	218.98872	111.73218	350.41373	-47.78176	1432000	1.4901161e-08	3709.53	-0.01070854	-1118.0132	0.07023371	0.01576139	0.21775	6.0	637.4718551635742
358	577.56384	164.8024	892.277	119.59065	100.26316	231.61754	108.803566	351.36124	-12.183792	1436000	-3.7252903e-09	4127.6597	-0.018143894	-957.79126	0.06984973	0.015233086	0.22049999	12.0	639.1663300991058
359	562.46674	155.3532	1007.91785	166.12274	99.13158	232.35107	113.27474	352.6225	-14.878708	1440000	1.8626451e-08	4623.5547	-0.011782484	-1632.51	0.070815586	0.015964525	0.2195	5.0	640.8637244701385
360	577.079	131.15071	812.9271	200.26863	99.5946	221.64763	113.917175	352.64496	-61.070557	1444000	1.4901161e-08	3134.279	-0.020343699	-1102.277	0.07087171	0.015065031	0.207	13.0	642.5614652633667
361	568.598	123.65629	805.6602	248.26196	100.02631	227.93613	119.22632	353.3127	-28.34876	1448000	5.2154064e-08	2648.5464	-0.014938259	-485.54465	0.069312975	0.015639719	0.221	9.0	644.2371764183044
362	525.9526	141.0992	827.1084	216.02168	92.60976	228.44377	113.90187	352.51755	-21.122984	1452000	4.4703484e-08	3178.6025	-0.017145516	-1264.1471	0.06825852	0.015936632	0.22075	10.0	645.9543426036835
363	595.69574	167.6631	1017.62134	296.92096	104.638885	206.60913	112.308	352.43506	-65.58299	1456000	-3.7252903e-09	5455.238	-0.01177203	-2297.4192	0.06749659	0.01711474	0.15599999	6.0	647.6137557029724
364	561.0906	140.18921	978.1695	336.19647	98.552635	231.5781	113.56839	353.1761	-18.224447	1460000	-4.4703484e-08	2865.0508	-0.048152767	-1128.8329	0.06710894	0.014408511	0.273	79.0	649.5303337574005
365	595.78625	141.3748	869.935	193.86156	104.5	227.1149	115.23084	353.5834	-14.6160755	1464000	-1.6763806e-08	2763.1038	-0.028694857	-780.42786	0.061131187	0.0150934	0.20225	25.0	651.275942325592
366	547.93524	128.14563	824.1547	175.95177	97.57895	225.22504	114.93956	354.92535	-67.33687	1468000	-1.1175871e-08	3297.613	-0.019493777	-1506.2517	0.05839799	0.015265655	0.23075	10.0	652.9551548957825
367	562.4999	172.3245	1082.1846	91.710205	97.2	224.494	109.08982	353.9016	-44.74955	1472000	-4.0978193e-08	4007.8323	-0.01006598	-1236.2925	0.057699386	0.016575508	0.17425	6.0	654.6310105323792
368	549.76843	169.66615	1001.14966	191.87086	96.947365	223.96454	113.16179	355.64862	-10.152882	1476000	2.561137e-08	3576.5361	-0.04947177	-1048.2781	0.057764273	0.015080554	0.26125002	73.0	656.5141396522522
369	546.9908	118.296265	766.6138	278.3511	94.68293	226.15762	109.682495	356.0813	-2.1937523	1480000	1.8626451e-08	1804.3223	-0.019704506	-409.76886	0.056425467	0.015416072	0.214	10.0	658.2629199028015
370	555.9378	110.14521	795.20557	228.03326	99.36842	223.02818	110.10431	355.74188	-16.788631	1484000	-3.7252903e-09	2267.0132	-0.035544977	-716.53784	0.055429313	0.015056887	0.231	35.0	660.0452346801758
371	547.27515	152.52022	961.9506	308.36435	98.0	221.73973	112.44648	356.15466	-23.52368	1488000	2.2351742e-08	3300.1802	-0.017099373	-946.32007	0.050957542	0.015340013	0.22525	8.0	661.7207441329956
372	593.9142	143.41705	1082.0803	332.07495	100.89474	226.45052	113.36303	356.24036	-18.808708	1492000	0.0	3213.503	-0.013564764	-1085.1389	0.05102221	0.020593695	0.2025	5.0	663.4056885242462
373	575.91486	172.76382	897.0179	142.85165	104.80556	224.33064	114.649536	357.0489	-15.380623	1496000	-2.2351742e-08	2973.8984	-0.010307466	-757.6466	0.05089096	0.017896548	0.153	5.0	665.0663068294525
374	571.6261	150.41795	1069.9457	349.76773	99.74359	228.11897	112.665215	357.66254	-21.920355	1500000	-2.2351742e-08	3666.5747	-0.01155966	-878.50385	0.050281074	0.016073503	0.21675	6.0	666.7670187950134
375	574.7116	154.26068	907.5198	238.51962	96.666664	232.485	113.92796	358.02466	-31.009367	1504000	-4.4703484e-08	3414.8018	-0.04900743	-800.1983	0.049385253	0.01330962	0.27174997	79.0	668.7428636550903
376	557.5038	173.5673	809.72876	146.60567	97.74359	237.93886	115.37775	358.23724	-3.961071	1508000	3.7252903e-09	4350.454	-0.04786407	-1248.9485	0.051432483	0.013002526	0.28925002	79.0	670.7000362873077
377	548.8062	150.22047	966.78687	247.7602	98.051285	212.24791	111.735466	358.4661	-26.897367	1512000	0.0	3690.4658	-0.024776991	-1251.9576	0.052788634	0.015589947	0.18225	14.0	672.424459695816
378	526.3115	156.96762	964.25323	178.5384	95.948715	221.30324	114.26407	357.8533	-17.394024	1516000	3.7252903e-08	3302.2478	-0.013014389	-854.0193	0.05135698	0.015139695	0.16424999	5.0	674.1241085529327
379	543.1283	139.67084	843.4072	213.85806	99.6579	216.51228	121.03122	356.9903	-61.196785	1520000	0.0	3492.3093	-0.014112906	-1176.7612	0.050560996	0.0152214365	0.18650001	8.0	675.8429822921753
380	584.68567	171.73607	984.3125	114.941246	100.552635	217.30876	110.25514	356.53973	-20.703989	1524000	-7.450581e-09	4300.471	-0.0262427	-1779.2397	0.049360067	0.015299122	0.1925	20.0	677.6056232452393
381	599.60956	160.71054	1122.968	285.62347	109.32353	236.58958	117.09307	358.4138	-20.01943	1528000	2.2351742e-08	3706.8442	-0.018238839	-1237.4656	0.047694054	0.0155911995	0.2195	11.0	679.326176404953
382	600.91675	161.7988	1112.7438	302.6389	107.55556	227.07187	117.58232	359.95044	-22.708767	1532000	-3.7252903e-08	4371.452	-0.014049859	-1637.0332	0.048184752	0.01543306	0.21775	9.0	681.0523180961609
383	548.9468	152.35014	960.3985	127.79692	100.42105	225.59596	119.99446	361.14313	-17.708462	1536000	-1.1175871e-08	4334.709	-0.017418101	-1450.6569	0.04808793	0.016186196	0.17175001	9.0	682.8353142738342
384	628.4473	154.93478	971.6359	257.40338	107.74286	225.01694	104.86748	359.5376	-75.18378	1540000	4.004687e-08	4668.215	-0.01285035	-1797.918	0.04693972	0.016037198	0.21125	6.0	684.5410330295563
385	611.3201	177.55943	1071.0781	254.17714	107.611115	237.57869	118.836235	363.01688	-2.4782333	1544000	4.8428774e-08	3946.9924	-0.0128721865	-931.2704	0.046103016	0.01527852	0.18725	7.0	686.247724533081
386	597.4393	138.40009	1042.6527	374.01834	101.89189	241.18118	115.06959	364.25604	-12.601309	1548000	7.450581e-09	3426.5464	-0.019359518	-732.19806	0.04572848	0.01582713	0.21000001	12.0	687.9540638923645
387	617.49414	123.42802	1001.0033	378.2427	109.29412	230.81259	118.31553	364.72205	-21.713861	1552000	1.1175871e-08	2047.2601	-0.015554899	-553.3484	0.04480932	0.016565613	0.167	9.0	689.6432881355286
388	582.0822	127.45566	863.9502	195.47598	101.86842	233.17812	120.16095	365.18423	-21.567339	1556000	-3.7252903e-09	2428.0503	-0.012743377	-556.92096	0.04404001	0.015353055	0.207	7.0	691.3495895862579
389	578.764	178.56436	1104.4537	204.67943	100.76316	232.28589	114.39352	365.18182	-20.088417	1560000	-2.2351742e-08	3757.1897	-0.01176148	-969.73035	0.04339149	0.015156717	0.14875	6.0	693.0139310359955
390	579.10364	139.66745	936.71643	213.70438	102.789474	225.28848	120.44523	365.58893	-23.076195	1564000	2.2351742e-08	2325.7917	-0.039880753	-632.9861	0.04318657	0.015055277	0.23675	40.0	694.801017999649
391	616.80426	146.21968	961.9416	348.7513	108.62857	226.69633	116.34387	366.064	-21.881376	1568000	-2.6077032e-08	3174.4873	-0.0381599	-860.1315	0.04820407	0.015305312	0.2275	29.0	696.5187039375305
392	579.2169	129.49252	884.3538	272.3068	101.10811	238.94962	117.30779	367.0383	-59.559357	1572000	-9.313226e-09	2354.253	-0.025617275	-630.3313	0.046457786	0.015241539	0.21724999	16.0	698.2306485176086
393	588.486	144.98541	1023.4207	336.4092	101.6579	234.32593	115.229385	366.41608	-13.427052	1576000	1.8626451e-08	2793.9412	-0.0194525	-724.8364	0.04400679	0.01660566	0.22125	10.0	699.9129595756531
394	583.4582	165.92116	925.6804	189.42073	104.888885	234.78645	120.45392	366.1241	-16.732851	1580000	5.401671e-08	2931.44	-0.017608255	-799.99963	0.04266602	0.015037324	0.233	10.0	701.6166217327118
395	587.1418	157.63358	904.275	297.6622	102.432434	231.79248	116.71183	366.62076	-58.41793	1584000	-3.306195e-08	3171.711	-0.05012601	-719.16956	0.041848686	0.012954149	0.26125	79.0	703.5163767337799
396	559.67676	154.82138	1040.4965	261.65433	99.89474	228.57011	120.25378	366.7922	-74.75267	1588000	7.450581e-09	3715.0642	-0.02724955	-1326.4196	0.035567977	0.015697513	0.2395	18.0	705.2465748786926
397	579.66	128.82152	981.96625	365.11035	100.37838	221.87405	113.92111	366.1125	-29.03408	1592000	4.284084e-08	3629.2266	-0.013245165	-1152.2565	0.03555732	0.016745152	0.19525	7.0	706.9147441387177
398	598.25995	179.79286	998.63354	301.37573	100.945946	239.2788	109.66755	366.63327	-9.294846	1596000	7.450581e-09	4252.3413	-0.01296974	-1618.5709	0.03584951	0.016255904	0.22975	7.0	708.6767032146454
399	593.9383	137.11191	907.1912	255.97348	101.97369	236.03891	117.34788	368.44852	-19.3703	1600000	2.2351742e-08	2615.1917	-0.021843325	-848.33386	0.036083505	0.015464745	0.1985	14.0	710.3917796611786
400	589.8355	137.73286	1057.8503	215.83455	102.35135	233.77814	116.70648	368.79922	-19.554255	1604000	2.142042e-08	2385.0884	-0.014836201	-693.372	0.03487624	0.015238495	0.16525	8.0	712.1300210952759
401	544.21783	154.71465	989.1494	176.96632	97.15385	233.41557	119.04754	369.41202	-9.135336	1608000	-2.6077032e-08	2539.792	-0.017441213	-888.7388	0.03353396	0.015639657	0.22675	11.0	713.8647766113281
402	617.51	203.75461	1140.7086	131.21602	105.72222	230.52597	112.02099	368.19986	-8.522995	1612000	1.1175871e-08	5041.322	-0.040365838	-1229.9639	0.032333937	0.015116336	0.23775	44.0	715.6888575553894
403	570.49274	141.81053	859.1338	185.65024	94.07317	244.04968	117.064896	370.5765	-20.554651	1616000	7.450581e-09	2634.5747	-0.015102542	-967.7449	0.024874413	0.015567895	0.16625	7.0	717.3844351768494
404	576.3257	186.44255	1106.5336	138.34064	100.89474	228.83865	115.772125	369.6634	-21.423801	1620000	-2.7939677e-08	4096.9062	-0.014199777	-1069.0387	0.024142694	0.015015864	0.216	7.0	719.0716650485992
405	553.38074	130.4718	793.109	185.43388	97.42105	221.34596	117.555435	370.2183	-5.4542065	1624000	9.313226e-10	2811.1724	-0.012761903	-603.78394	0.022881443	0.015695227	0.19624999	7.0	720.7396104335785
406	554.442	113.05824	883.1934	266.31915	97.53846	225.54597	109.32574	369.89148	-3.6933594	1628000	3.7252903e-08	2436.6384	-0.011640965	-875.25214	0.022028012	0.016034644	0.2225	6.0	722.4174602031708
407	600.8922	134.02939	909.23816	310.8633	108.685715	216.80766	116.25461	370.61746	-12.640081	1632000	2.0489097e-08	3664.2036	-0.013677162	-1554.3246	0.021622578	0.015295869	0.19575	8.0	724.1058232784271
408	562.1285	149.29677	1000.0769	186.40192	99.68421	235.52531	115.381256	370.23462	-29.02792	1636000	3.7252903e-09	3214.4941	-0.049573876	-1259.5132	0.021542465	0.012213748	0.28375	79.0	726.0570855140686
409	591.6541	141.26276	881.7244	262.45093	99.552635	234.67975	113.69679	369.50278	-19.652298	1640000	3.7252903e-09	2454.8662	-0.028945465	-652.3949	0.019676583	0.015212683	0.22399999	17.0	727.7811932563782
410	578.58496	128.59851	977.7463	215.04555	98.552635	232.56479	115.67566	371.07996	6.635809	1644000	-3.7252903e-09	2037.5854	-0.023107627	-512.95605	0.017762301	0.015589628	0.19125	12.0	729.4873676300049
411	579.55164	145.72769	849.162	179.52705	97.47369	237.625	111.035255	369.93927	-1.6776104	1648000	-3.7252903e-08	3184.192	-0.014656533	-730.453	0.01693781	0.01662657	0.2085	8.0	731.1782488822937
412	561.62427	143.64183	821.62573	194.76328	103.0	231.1175	122.47716	371.8723	-17.692694	1652000	2.4214387e-08	3644.7354	-0.017260566	-1075.4714	0.016640019	0.01603595	0.25525	11.0	732.9048235416412
413	554.1283	153.04585	922.20074	198.343	97.76923	224.81825	109.53003	369.86624	-56.09809	1656000	7.450581e-09	3137.7188	-0.028990295	-921.56604	0.016214367	0.015425355	0.23175001	20.0	734.6861333847046
414	581.42505	163.89093	969.7227	169.66508	101.289474	227.57175	117.17074	371.11414	-155.80237	1660000	-1.4901161e-08	3928.7383	-0.025538838	-751.32605	0.017440462	0.015768528	0.201	18.0	736.4292323589325
415	572.74133	158.88449	1082.0111	178.27841	97.0	233.04266	113.80121	371.44937	-58.16997	1664000	-3.1664968e-08	3138.8792	-0.024682015	-811.10876	0.019281358	0.015116457	0.215	15.0	738.1732881069183
416	595.6264	154.82443	923.2639	268.33432	102.89189	231.16304	116.26529	371.03995	-18.440624	1668000	-4.0978193e-08	3064.6135	-0.012216913	-916.17377	0.017417092	0.015628286	0.17425	7.0	740.2232491970062
417	567.4434	152.32373	934.7555	340.7671	103.810814	215.61462	123.90455	374.05872	-47.59748	1672000	0.0	3286.894	-0.01808822	-944.71265	0.015497686	0.015183315	0.1575	9.0	742.0327618122101
418	585.8277	151.58632	830.1778	80.76391	105.19444	227.19237	125.01788	373.58502	-123.095566	1676000	2.6077032e-08	2701.0093	-0.008466376	-939.14746	0.014000286	0.016010249	0.185	4.0	743.7207329273224
419	566.0347	137.62288	916.66235	262.1213	101.552635	226.77138	117.440056	372.91843	-37.185776	1680000	2.9802322e-08	3223.892	-0.021932987	-1184.6007	0.013592741	0.015930941	0.23699999	13.0	745.419810295105
420	609.5035	187.39415	1123.1938	136.59354	103.21622	243.74582	115.55723	373.14706	-9.65624	1684000	0.0	4446.87	-0.011472562	-1210.2253	0.012045884	0.015217829	0.18075	7.0	747.1900928020477
421	583.27606	128.61745	826.0215	212.7131	101.45946	238.11401	121.3836	374.77676	-21.418093	1688000	-2.4214387e-08	4090.836	-0.025439937	-1114.5383	0.011731787	0.015421273	0.1955	16.0	749.0287959575653
422	575.3846	157.60599	888.7586	216.99889	102.057144	232.54968	115.11463	374.64017	-20.229725	1692000	-7.450581e-09	4319.066	-0.025984094	-1148.2639	0.010057308	0.015115152	0.2265	20.0	750.9038088321686
423	602.9974	144.31816	851.4554	240.20013	105.02778	230.4605	115.83185	374.70264	-28.760601	1696000	-1.3969839e-09	2485.5037	-0.021863122	-905.30505	0.009403221	0.015286525	0.1635	11.0	752.5780823230743
424	536.2244	194.66116	961.0176	103.886024	97.13158	232.2904	117.8855	375.39218	-25.177456	1700000	-1.1175871e-08	4789.881	-0.013744311	-1377.0477	0.008733013	0.017604038	0.236	7.0	754.2654709815979
425	590.448	156.25208	890.5423	264.355	103.861115	231.22815	113.72422	374.23398	-22.353863	1704000	-2.0489097e-08	3966.9233	-0.00993343	-1316.9153	0.008446148	0.015436562	0.14950001	5.0	755.9356935024261
426	609.6091	137.232	991.7242	380.39673	106.42857	238.39546	116.26259	375.2173	-51.32641	1708000	2.2351742e-08	3349.7473	-0.013849314	-1004.3216	0.008201395	0.015950691	0.21125	8.0	757.6315288543701
427	646.5793	148.70355	995.59015	311.8233	110.2	232.47131	122.46288	375.63882	-32.351334	1712000	-2.2351742e-08	3048.6282	-0.020097014	-808.4962	0.007885425	0.015180316	0.19275	11.0	759.4091515541077
428	577.84	128.395	904.8334	219.58109	101.16216	241.25603	123.17053	378.24652	-9.86208	1716000	4.0978193e-08	2226.2192	-0.02536896	-681.12354	0.00757822	0.015523027	0.20549999	15.0	761.1522178649902
429	603.9588	172.13474	919.67084	90.06066	107.25714	231.33711	117.861115	377.39612	-22.745417	1720000	2.9802322e-08	3238.3801	-0.024767002	-869.96216	0.006309082	0.015092401	0.2195	15.0	762.851541519165
430	634.9542	172.78088	1027.6218	251.31133	109.457146	239.19597	126.04875	377.518	-20.503881	1724000	7.450581e-09	3699.5764	-0.049275935	-1035.4181	0.0030753517	0.013638553	0.282	79.0	764.75754570961
431	600.5184	130.98734	925.6473	259.18256	104.78378	237.95258	119.44805	379.64822	-14.073568	1728000	2.4214387e-08	2489.794	-0.04618465	-847.8148	-0.0003687954	0.015048219	0.26674998	67.0	766.6303362846375
432	632.1499	154.56053	1056.7333	393.63513	110.29412	236.74066	122.35872	379.61328	-8.843462	1732000	-4.8428774e-08	2722.4238	-0.033932224	-649.4072	-0.0068212165	0.0150941275	0.22125	25.0	768.3683233261108
433	602.03546	153.59392	962.68604	208.82439	107.48572	231.40784	124.736595	381.2307	-17.709482	1736000	-2.9802322e-08	2425.9036	-0.016919328	-708.2588	-0.007904777	0.016549602	0.165	8.0	770.0692799091339
434	652.7746	162.5469	1021.06195	279.9233	105.97222	251.36096	118.37968	381.5107	-0.6298828	1740000	2.2351742e-08	3301.5625	-0.033014588	-961.69855	-0.008238434	0.01532663	0.21875	26.0	771.8145084381104
435	612.12305	172.65622	1122.726	329.22592	106.333336	248.35481	119.43902	383.83423	-23.908937	1744000	1.4901161e-08	3610.6787	-0.017241769	-891.977	-0.011693026	0.015261527	0.20275	10.0	773.5255150794983
436	624.1882	167.21574	969.099	268.15237	106.542854	245.0767	124.85312	383.43878	-23.53791	1748000	-9.313226e-10	3175.461	-0.051954668	-844.36707	-0.0127302455	0.015308411	0.29325	71.0	775.4990065097809
437	600.79297	182.45854	1066.3038	183.6371	109.542854	238.39363	130.55916	384.59082	-23.086342	1752000	1.1175871e-08	4668.305	-0.051411062	-1386.5979	-0.020009339	0.015186425	0.27025	79.0	777.6295449733734
438	656.9784	163.6714	973.58813	280.27164	112.23529	235.95683	121.23917	384.78476	-91.425934	1756000	-1.1175871e-08	4347.33	-0.022882834	-1799.6067	-0.021263588	0.016131189	0.211	13.0	779.3807711601257
439	666.1421	185.79187	981.47876	7.474721	113.666664	249.92397	127.77008	386.39383	-28.627274	1760000	9.313226e-09	3238.6946	-0.049645443	-907.8716	-0.021353822	0.013922296	0.287	79.0	781.331953048706
440	593.0903	215.03685	1091.2006	51.087936	101.25	250.72643	125.75575	388.95572	-65.730675	1764000	-1.1175871e-08	7436.4053	-0.01582193	-2364.7456	-0.029746488	0.015628623	0.18975	6.0	783.0685822963715
441	617.1366	178.07437	1044.7328	247.07092	114.51515	238.45721	123.30283	388.2116	-25.317854	1768000	1.4901161e-08	4050.1733	-0.008377177	-1572.0063	-0.029615061	0.01816839	0.19999999	5.0	784.7775466442108
442	596.02325	180.17511	1138.2527	42.23437	107.51428	230.60121	123.302574	387.97244	-57.153755	1772000	-8.940697e-08	4049.8196	-0.020788528	-1561.6157	-0.029717308	0.015226642	0.19325	12.0	786.528208732605
443	577.3785	180.52377	894.18744	78.09558	105.55556	234.68729	128.34747	386.64444	-37.279243	1776000	0.0	4633.578	-0.01514902	-1692.5515	-0.029471233	0.015339371	0.2305	8.0	788.2735569477081
444	639.5008	172.8404	1074.9557	392.34775	109.4	233.45728	118.96185	387.47586	-35.347748	1780000	-2.2351742e-08	4492.5977	-0.026464669	-1494.105	-0.029289981	0.015498485	0.229	18.0	790.0560524463654
445	632.08246	175.3843	1125.0708	157.73077	104.916664	245.5916	122.32885	388.0983	-12.178823	1784000	-1.4901161e-08	3554.5537	-0.013397522	-1251.3878	-0.02961628	0.016995285	0.22049999	6.0	791.8279497623444
446	646.63574	160.47246	1010.1141	146.56517	109.77143	265.55838	123.22451	388.9795	-11.548067	1788000	0.0	3416.4202	-0.01822763	-894.2191	-0.029874753	0.015393368	0.23324999	12.0	793.7032516002655
447	619.0614	125.50709	903.55786	336.12186	103.810814	244.60577	127.57793	388.90558	-118.876526	1792000	3.7252903e-09	3490.4565	-0.021705883	-1349.6965	-0.030135248	0.015207911	0.22	12.0	795.5851309299469
448	617.8746	154.86092	894.3548	337.34323	105.833336	239.05467	124.7645	387.73932	-44.456497	1796000	0.0	3128.9917	-0.024430588	-749.5666	-0.030332346	0.015280504	0.19174999	17.0	797.4424352645874
449	623.7932	200.93298	1195.2374	152.37279	107.37143	251.71077	119.31878	387.9015	-84.62521	1800000	-1.4901161e-08	4180.1826	-0.0212067	-970.29407	-0.031011293	0.01585168	0.20025	13.0	799.4930672645569
450	612.41956	141.76958	910.8195	326.9037	105.5	242.45746	121.31316	387.5294	-57.597412	1804000	-1.4901161e-08	3040.5073	-0.013803224	-1165.1456	-0.032464966	0.016945329	0.22325	6.0	801.8676443099976
451	590.3289	158.19229	944.8612	131.41068	97.81579	246.4905	118.1485	388.19464	-69.010925	1808000	-2.2351742e-08	2491.9268	-0.04233748	-624.7976	-0.032677926	0.015013369	0.22874999	45.0	804.2372841835022
452	613.77783	131.9692	907.8117	323.14795	111.21212	237.58362	126.758934	387.98267	-13.404873	1812000	-3.7252903e-08	2721.356	-0.021643128	-849.25867	-0.03729508	0.015021308	0.19175	14.0	806.8249750137329
453	609.4492	209.34686	1155.4333	135.29738	113.84375	227.86832	123.16639	388.53915	-16.221806	1816000	-2.6077032e-08	4984.5776	-0.024474964	-1464.3506	-0.03752948	0.015195639	0.20875	18.0	809.3742990493774
454	588.69025	156.89728	1011.5716	139.11899	98.861115	246.17061	121.174416	389.85852	-24.770487	1820000	-1.5366822e-08	4251.0205	-0.007852953	-1523.5685	-0.03721331	0.015444126	0.2035	4.0	811.2501702308655
