Epoch	AverageEpRet	StdEpRet	MaxEpRet	MinEpRet	EpLen	AverageVVals	StdVVals	MaxVVals	MinVVals	TotalEnvInteracts	LossPi	LossV	DeltaLossPi	DeltaLossV	Entropy	KL	ClipFrac	StopIter	Time
0	38.007812	15.940181	151.8247	19.308098	28.09929	0.22632663	0.08733692	0.5189477	-0.07091734	4000	-1.8626451e-08	575.5878	-0.030567221	-86.14077	0.9189426	0.015072364	0.17275	55.0	2.2740354537963867
1	40.827595	19.173763	170.09583	18.884047	29.428572	2.758639	0.32239842	3.138426	-1.3105562	8000	6.519258e-08	623.33215	-0.028774155	-76.958336	0.9151013	0.015061661	0.18025	43.0	4.100991487503052
2	42.662872	17.933863	117.02788	20.546072	30.689922	5.0136795	0.09387766	5.079622	3.481251	12000	4.284084e-08	527.6486	-0.033305347	-49.46218	0.91353744	0.014252733	0.19675	79.0	6.29637336730957
3	44.385174	19.428364	132.55196	18.346401	31.03937	6.608874	0.04836863	6.6380963	5.959591	16000	-7.450581e-09	569.60425	-0.027854133	-45.72013	0.91209316	0.015163785	0.18125	38.0	8.278283596038818
4	46.18646	20.566269	176.57402	17.606129	32.286884	8.096469	0.0327329	8.114829	7.619383	20000	-3.9115548e-08	552.2843	-0.01582762	-40.061386	0.911041	0.015417167	0.1705	13.0	10.06871485710144
5	53.29965	26.485939	158.78383	16.236275	37.273586	9.481562	0.1641432	9.496186	2.1980772	24000	5.5879354e-09	732.2502	-0.03175406	-51.3601	0.9102453	0.015013926	0.18225001	59.0	11.987691640853882
6	55.216084	29.290886	180.72221	21.753927	37.75	11.014222	0.33677402	11.03143	-3.3741472	28000	0.0	804.47754	-0.035114937	-51.638496	0.90946615	0.014876421	0.21249999	79.0	13.952231645584106
7	60.49338	30.87686	166.77982	21.231325	41.244682	12.525425	0.6019048	12.559262	-6.9729853	32000	-3.1664968e-08	858.9647	-0.032874934	-52.417725	0.90810764	0.015194479	0.18274999	42.0	15.826791763305664
8	55.738377	28.484398	149.78024	19.135284	37.893204	14.070469	0.24280609	14.078776	-1.2559998	36000	-1.0803342e-07	681.21326	-0.03340919	-35.076126	0.9014153	0.015029881	0.204	63.0	17.786686420440674
9	57.323513	31.875853	181.1939	24.418663	38.980198	15.334624	0.009732208	15.338053	15.05761	40000	-1.6763806e-08	753.9704	-0.034983784	-33.57791	0.9001015	0.015100096	0.20375001	63.0	19.679406881332397
10	65.00966	39.15601	223.24031	23.742659	42.577778	16.549639	0.4115386	16.565483	-2.547333	44000	0.0	1082.115	-0.026801998	-52.427963	0.8981983	0.015012745	0.17125	29.0	21.5722873210907
11	75.48867	43.339977	229.00508	24.495945	47.802467	18.061832	0.5117496	18.073906	-13.969288	48000	9.313226e-10	1290.0784	-0.0157932	-69.66548	0.89422274	0.01547683	0.1575	13.0	23.29283881187439
12	67.09822	35.315468	222.99376	26.523195	46.493977	19.781513	0.5501924	19.792217	-15.00862	52000	1.4901161e-08	761.1442	-0.025319273	-31.341461	0.8938501	0.01513169	0.16624999	29.0	25.003230810165405
13	73.55456	39.423325	209.35626	25.768711	46.77381	20.97415	0.19968139	20.980913	11.121128	56000	2.4214387e-08	1012.5836	-0.026760843	-41.95468	0.89673424	0.015106918	0.16600001	29.0	26.765477895736694
14	72.36214	35.253838	175.85464	28.749327	48.4	22.279627	0.90288764	22.311316	-18.46667	60000	-2.6077032e-08	781.99554	-0.037375823	-31.314041	0.89917576	0.015057811	0.2175	62.0	28.635804891586304
15	67.737114	35.118664	163.32188	28.997967	44.363636	23.450773	0.9380879	23.477509	-20.137688	64000	-8.009374e-08	752.06384	-0.035572972	-20.785736	0.89598113	0.015013534	0.20725	65.0	30.68598747253418
16	78.20707	41.18359	190.00546	32.08564	51.826668	24.28096	2.2841065	24.441408	-20.796036	68000	3.259629e-08	926.1991	-0.029201733	-37.44066	0.89045733	0.015099628	0.17225	40.0	32.529173374176025
17	84.43177	42.73218	181.41014	26.147308	55.63768	25.568666	1.927015	25.687794	-20.27993	72000	1.4901161e-08	1043.0266	-0.018729597	-62.835144	0.8905526	0.015457079	0.16675	12.0	34.30801844596863
18	83.326454	46.82031	222.39854	30.714394	54.80282	26.018671	4.4735475	27.063246	-21.208368	76000	7.450581e-09	1043.041	-0.030412218	-63.241905	0.8905787	0.015057743	0.1975	41.0	36.063233852386475
19	75.355736	40.178066	220.08122	27.674849	51.01351	26.82125	5.1175747	28.467022	-14.908001	80000	9.313226e-09	770.56006	-0.020887729	-44.500107	0.8888624	0.015152302	0.17025	17.0	37.865084409713745
20	87.84598	49.922966	247.61526	29.481112	57.25	25.86385	7.4811797	29.539614	-24.097075	84000	-2.8871e-08	1096.5266	-0.017650938	-75.836624	0.887704	0.015594446	0.13475001	16.0	39.61390805244446
21	94.21512	48.34338	206.0646	28.817232	62.66129	27.712683	7.6293235	30.968964	-23.85512	88000	-5.9604645e-08	1043.3306	-0.03708252	-62.54608	0.88624275	0.0146427825	0.222	79.0	41.44973969459534
22	80.75851	42.599316	211.86273	23.09966	53.916668	28.453676	8.036089	32.467854	-8.948708	92000	1.4901161e-08	742.9388	-0.01739508	-40.433228	0.88653517	0.015020581	0.16525	14.0	43.214704513549805
23	114.25298	57.227066	291.77643	29.235384	69.83929	30.656828	7.1656914	33.45647	-16.418337	96000	1.8626451e-08	1523.1927	-0.034225546	-96.97887	0.8861322	0.0151046915	0.21650001	50.0	45.0226845741272
24	89.15669	49.477707	195.97179	23.49621	56.878788	32.3958	7.6076107	35.23959	-0.80629563	100000	-2.0489097e-08	991.76373	-0.031872533	-65.19159	0.882403	0.015075192	0.1885	43.0	46.85078573226929
25	95.07672	51.50573	308.82523	23.014969	62.065575	33.014942	8.019093	36.468918	-8.146942	104000	5.098991e-08	1027.1709	-0.031723265	-72.887924	0.8825379	0.01517278	0.21024999	39.0	48.603073835372925
26	105.74735	51.512665	234.62576	26.438211	67.72727	32.32393	10.054032	37.709797	-30.824373	108000	2.9802322e-08	1202.6167	-0.035264447	-86.28642	0.88386524	0.015071865	0.20525001	59.0	50.50493383407593
27	110.20882	60.67964	271.03024	30.275215	69.527275	34.021667	10.252522	39.186687	-11.1652975	112000	-1.5832484e-08	1213.198	-0.030499645	-88.58409	0.879689	0.015051885	0.198	35.0	52.35067963600159
28	109.16097	51.933117	251.21233	33.92608	70.10909	33.47529	11.990327	40.737698	-26.339388	116000	5.2154064e-08	945.18713	-0.028217442	-96.27031	0.8753272	0.0153121175	0.17975	29.0	54.054675817489624
29	90.30888	47.69677	274.10696	24.81186	58.15625	36.197918	10.899758	42.050404	-10.655367	120000	-3.7252903e-08	975.15173	-0.033356722	-63.761368	0.8732719	0.0150154475	0.21375	47.0	55.85758113861084
30	121.91574	69.15975	365.33945	37.839912	76.02	36.908375	11.169944	43.095562	-28.990898	124000	-1.1175871e-08	1620.1553	-0.021337241	-110.45929	0.8754887	0.015020786	0.1625	19.0	57.629207134246826
31	113.87605	49.6899	245.7149	29.079065	69.80357	37.38224	12.632787	44.79092	-4.560329	128000	7.450581e-09	925.8423	-0.03304682	-72.29175	0.8747124	0.015247585	0.21724999	36.0	59.46113729476929
32	113.7985	61.507114	377.3363	29.72127	70.888885	38.838306	12.674451	46.054195	-4.383153	132000	2.6077032e-08	1042.633	-0.03452496	-76.19096	0.8657948	0.015003369	0.22299999	55.0	61.364827394485474
33	113.1771	59.475952	340.63556	29.310516	69.98148	41.111908	11.416148	47.317486	-7.0267515	136000	2.2351742e-08	1130.4294	-0.017934084	-74.77339	0.8622642	0.015076373	0.14774999	14.0	63.015795946121216
34	110.636406	52.99516	249.83679	40.063164	70.01887	40.151222	13.411934	48.605743	-8.000761	140000	9.313226e-09	990.56647	-0.016550614	-83.343315	0.8619013	0.015208705	0.2065	14.0	64.64984512329102
35	131.66614	63.073963	370.2502	34.484028	80.0	41.487904	13.610778	49.784977	-7.30985	144000	-3.1664968e-08	1140.0964	-0.028752895	-96.49628	0.86008865	0.015070405	0.1865	32.0	66.44053435325623
36	134.58398	60.505833	249.31331	25.901884	80.78261	43.361774	13.710878	51.187187	-6.625667	148000	-1.4901161e-08	1047.8512	-0.018396478	-88.83862	0.8547058	0.01637914	0.1775	12.0	68.18454575538635
37	131.88695	79.93545	482.7755	35.23641	84.45652	44.170048	13.486659	52.58569	-22.245634	152000	2.9802322e-08	1418.6865	-0.023874758	-177.10182	0.85216194	0.015288749	0.1705	22.0	69.89030385017395
38	159.4775	81.70093	397.98694	40.046185	97.55	41.75567	15.414098	53.99057	-6.971087	156000	-2.6077032e-08	1640.6274	-0.03585597	-220.248	0.8498319	0.0150271375	0.21350001	55.0	71.78741908073425
39	146.01878	71.49806	372.65323	35.215797	91.756096	47.57143	14.984025	55.75396	-2.873905	160000	3.7252903e-08	1115.3643	-0.03385237	-83.948105	0.8505686	0.015046337	0.2105	54.0	73.78519296646118
40	142.4348	82.61311	453.7396	36.53953	88.7381	47.05321	16.339748	57.140278	-12.133966	164000	2.2351742e-08	1301.199	-0.02913228	-82.05399	0.8524132	0.015124973	0.19275	29.0	75.68903541564941
41	148.53874	84.3513	395.30945	35.921562	92.175	49.755478	15.48537	58.59575	-5.02643	168000	-7.450581e-09	1368.6719	-0.03246943	-102.87929	0.8462097	0.01504625	0.1965	40.0	77.51666975021362
42	163.0609	72.238754	410.26303	40.02905	96.82051	48.095207	17.825228	60.032444	-9.097573	172000	3.7252903e-09	1264.5292	-0.021397375	-146.83829	0.8435041	0.015547534	0.20775	15.0	79.25994563102722
43	152.35275	72.59867	397.0878	38.996357	94.475	51.8438	16.635267	61.52394	-10.69013	176000	-1.8626451e-08	1054.9209	-0.03202197	-87.52314	0.8426472	0.015112043	0.1975	43.0	81.0111916065216
44	167.22224	64.508965	357.47327	34.873272	103.833336	51.592384	17.345718	62.727703	-10.07098	180000	1.8626451e-09	1057.4446	-0.029585352	-88.50456	0.8436636	0.015074029	0.17300001	36.0	82.72837781906128
45	144.45589	70.83579	319.1321	38.347794	87.690475	51.25815	19.081976	63.965683	-6.3560376	184000	5.5879354e-09	965.033	-0.032506477	-72.980515	0.84242773	0.015328982	0.2125	34.0	84.55459260940552
46	156.40614	75.607086	356.23352	33.728924	96.948715	53.731438	18.45799	65.07343	-10.472681	188000	-3.7252903e-09	1103.0428	-0.026846007	-96.35954	0.83921975	0.015340441	0.19075	22.0	86.30935072898865
47	170.55656	105.51179	595.72504	45.250317	98.21622	56.099155	17.661701	66.2432	-9.049238	192000	7.450581e-09	1667.0671	-0.026376814	-111.75867	0.8373369	0.015374167	0.2185	19.0	88.03317451477051
48	147.00623	72.96606	403.11902	30.808504	91.575	54.059036	20.22801	67.77984	-5.1836405	196000	-3.7252903e-09	1225.1938	-0.021213835	-125.4822	0.83454263	0.015549111	0.18800001	16.0	89.68629050254822
49	154.6653	76.73946	450.43225	37.301003	90.48781	55.217163	20.776186	68.96019	-12.824244	200000	-2.7939677e-08	1162.0074	-0.0277633	-207.129	0.8330441	0.015366163	0.1775	26.0	91.37238121032715
50	159.96407	76.63215	388.97366	30.832565	97.210526	53.22199	20.79872	69.9876	-11.788192	204000	-1.3038516e-08	945.3109	-0.021972401	-146.30612	0.83141226	0.015531679	0.2125	17.0	93.1074481010437
51	180.10767	109.86488	662.46783	71.43844	106.171425	59.286343	19.513107	70.992546	-4.247851	208000	2.9802322e-08	1403.8403	-0.019176431	-107.58823	0.8297653	0.015057519	0.1965	14.0	94.97364330291748
52	178.37509	97.082954	460.54785	46.729748	106.88571	61.02236	19.606234	72.4513	-4.1863303	212000	-1.6763806e-08	1248.1012	-0.023893662	-102.17705	0.82797223	0.015100678	0.18924999	19.0	96.7175350189209
53	183.02916	75.06536	405.7464	46.96114	108.542854	60.407734	21.40608	73.715034	-3.1246872	216000	2.0489097e-08	955.07495	-0.041417617	-98.06784	0.82728493	0.015013029	0.25475	79.0	98.78254342079163
54	177.60864	95.79155	491.2245	39.788704	107.314285	59.014923	22.228943	74.888794	-10.453163	220000	-2.2351742e-08	1191.855	-0.020704035	-101.60023	0.8223583	0.015390662	0.17575	16.0	100.5388355255127
55	206.72536	71.881226	389.6146	109.71968	115.06061	62.107414	21.76604	76.11279	-12.919967	224000	-2.2351742e-08	1073.5961	-0.028974151	-81.00217	0.8210242	0.015076246	0.20075001	29.0	102.27507591247559
56	180.80486	86.15776	427.02588	42.27116	102.4	63.646187	22.6627	77.64433	-4.533708	228000	-2.9802322e-08	1277.0497	-0.01846797	-83.055984	0.819067	0.01524008	0.18425	12.0	104.03046154975891
57	214.87564	100.1614	517.1444	29.750444	121.451614	64.88407	21.88552	79.01886	-5.674885	232000	0.0	1502.7075	-0.028976675	-123.79242	0.81822485	0.015110658	0.1985	34.0	105.88422346115112
58	179.3027	84.69525	471.72342	43.99366	102.62162	64.22572	24.111937	80.53266	-21.934834	236000	-1.1175871e-08	992.5198	-0.021364685	-94.909256	0.8150098	0.015846185	0.19475	15.0	107.69636082649231
59	214.9783	106.54008	567.472	25.577066	121.09677	66.96725	23.472525	81.61173	-14.356901	240000	-1.7695129e-08	1389.1667	-0.018280799	-111.0874	0.81464654	0.015350927	0.2	15.0	109.47914242744446
60	200.53421	88.11124	415.34973	57.325096	116.96774	64.23753	25.230608	83.10484	-5.4584584	244000	-1.4901161e-08	1052.634	-0.018839382	-144.63098	0.8139671	0.015097052	0.192	13.0	111.1539249420166
61	245.63902	105.18695	563.8053	28.413303	139.03847	69.88654	23.23342	84.325096	-3.5732265	248000	-5.5879354e-09	1501.2969	-0.039081242	-143.18433	0.81239194	0.015048972	0.24374999	60.0	113.07457566261292
62	222.4369	107.319626	605.8628	45.32647	120.5	71.31503	24.869844	86.135124	-5.0828915	252000	7.450581e-09	1548.4933	-0.020089686	-105.62754	0.81094897	0.01583699	0.196	15.0	114.80674004554749
63	237.15973	138.37648	684.6477	38.417946	127.3	73.71385	22.993263	87.791435	-5.1377563	256000	-5.2154064e-08	1719.4133	-0.027312279	-136.72113	0.81035465	0.015459314	0.18675	23.0	116.51825594902039
64	247.7957	90.60817	386.38382	43.41781	134.71428	72.467834	26.0689	89.50956	-13.026881	260000	3.7252903e-08	1158.4526	-0.017855678	-129.45168	0.8068651	0.0154960975	0.19874999	13.0	118.19559240341187
65	209.35358	90.59176	428.8756	28.971863	113.73529	69.8362	28.121399	90.970116	1.9007754	264000	1.8626451e-09	1038.3115	-0.021016357	-133.0935	0.8048864	0.015128299	0.19575	14.0	119.89767479896545
66	277.414	114.626015	598.05237	133.5675	143.92308	76.23671	26.277042	92.05512	-0.8646755	268000	-7.450581e-09	1720.45	-0.021096377	-181.2448	0.80366343	0.015377147	0.201	13.0	121.52894949913025
67	208.21829	96.98173	602.9305	31.340088	111.617645	76.97172	27.127163	93.8117	-44.538567	272000	2.3283064e-09	1266.0958	-0.03477778	-173.63884	0.8027069	0.015106096	0.2375	41.0	123.28243231773376
68	236.76462	97.970726	491.9464	42.182808	128.06667	73.45013	29.526451	94.95682	-42.524303	276000	7.450581e-09	1286.5479	-0.03551492	-113.17401	0.7986588	0.015124967	0.23449999	50.0	125.0058000087738
69	212.40918	75.416855	382.91287	119.11635	119.666664	75.079544	29.121872	96.03651	-16.88445	280000	-1.4901161e-08	756.4525	-0.019534126	-98.21225	0.7979288	0.016068412	0.169	14.0	126.64165997505188
70	249.97453	177.05537	869.51855	38.00477	137.77777	80.210205	28.060781	96.76805	-4.652969	284000	3.7252903e-08	2032.7626	-0.018532187	-158.2172	0.79745454	0.015151599	0.141	13.0	128.3094928264618
71	267.5256	122.194046	555.8523	38.269035	140.65384	79.54283	27.77183	98.48506	0.33892775	288000	-2.9802322e-08	1542.4375	-0.040400457	-199.61917	0.7964829	0.0140414825	0.25975	79.0	130.1785864830017
72	248.41788	106.68789	522.4082	100.82737	131.88889	77.9294	30.623478	99.93502	-17.957932	292000	2.4214387e-08	1438.6094	-0.040182732	-171.955	0.7932204	0.0150256045	0.24925	64.0	132.01365303993225
73	243.48082	91.56988	481.67596	122.650314	131.60715	79.988335	30.15954	101.455666	-3.6243563	296000	1.1175871e-08	966.9842	-0.018154543	-99.241974	0.78922445	0.015001203	0.177	13.0	133.73323917388916
74	302.42944	136.20004	546.9392	34.027008	159.0	85.97488	28.35104	102.52709	-4.989724	300000	-1.6763806e-08	1744.2089	-0.017954718	-213.1437	0.7870052	0.016185865	0.1895	11.0	135.3785855770111
75	251.99335	131.72264	577.62524	61.42667	134.73077	82.13886	32.071278	104.10077	-16.031315	304000	-2.9802322e-08	1584.7621	-0.017991638	-153.75572	0.7855124	0.015953088	0.19575	12.0	137.0287537574768
76	291.3004	159.57161	878.22687	88.8141	154.64	88.47151	29.253632	105.43027	-2.8948627	308000	-3.3527613e-08	1349.7493	-0.024135325	-182.21194	0.7853361	0.015273325	0.197	17.0	138.71765279769897
77	303.73825	147.17812	630.81085	76.1283	161.34782	87.87118	31.184345	106.808716	-11.455202	312000	-2.2351742e-08	1546.0854	-0.022731457	-145.88077	0.786978	0.015837207	0.19775	14.0	140.45005774497986
78	274.34756	133.55731	709.225	85.854645	147.04	86.323845	32.89725	108.26172	-15.578341	316000	-3.7252903e-08	1155.5801	-0.020732978	-141.57431	0.7867768	0.015054785	0.24925	14.0	142.1567256450653
79	278.44598	119.29103	652.7897	171.22899	143.65384	85.08896	33.09084	109.39782	-7.402063	320000	7.4505806e-08	1230.2952	-0.01446861	-128.79732	0.7845228	0.017119741	0.1885	9.0	143.94207239151
80	236.46002	93.50649	461.26425	91.86594	133.03847	84.67456	34.042053	110.73792	-4.7324824	324000	-3.7252903e-09	853.65717	-0.01393537	-122.87866	0.7827899	0.015658595	0.1405	11.0	145.63278889656067
81	280.77795	164.99916	783.7174	40.767483	149.375	89.67681	32.517536	111.41113	-43.167625	328000	0.0	1498.284	-0.03675192	-217.57683	0.7802801	0.01502582	0.23575	36.0	147.41560626029968
82	252.6935	124.95827	671.16974	28.561415	136.46153	91.02256	32.721336	112.67544	-4.7801266	332000	-2.6077032e-08	1286.221	-0.0334752	-187.83623	0.7773937	0.01507408	0.22725001	43.0	149.38942003250122
83	366.9413	204.65962	831.6571	38.77581	194.47368	92.829285	31.377737	113.529366	-59.823673	336000	7.450581e-09	1982.2585	-0.020708159	-214.00099	0.7764276	0.015089213	0.229	11.0	151.0478332042694
84	324.65158	159.07523	717.03815	33.315434	169.19048	93.78312	34.652	115.322975	-19.998535	340000	3.3527613e-08	1272.4276	-0.014035972	-154.80527	0.7755804	0.015834829	0.169	10.0	152.7813286781311
85	329.47235	182.2919	667.1977	58.69435	181.36842	99.58975	30.209227	116.858574	-5.1860356	344000	2.4214387e-08	1307.8594	-0.018982224	-162.42857	0.7737581	0.0154393	0.20975	11.0	154.56467270851135
86	352.4149	133.3542	673.54895	189.84137	190.36842	94.37203	35.874054	118.071335	-4.9497595	348000	-2.2351742e-08	1203.0295	-0.020163037	-201.07843	0.7713342	0.015387565	0.234	13.0	156.25842547416687
87	366.36014	168.91003	683.86115	134.2759	197.16667	103.43392	32.007633	119.35231	-2.526246	352000	3.5390258e-08	1465.3475	-0.02242565	-271.50842	0.7697729	0.015078406	0.21100001	17.0	157.98272252082825
88	400.90582	248.01604	1081.2134	99.97547	224.3125	102.39097	33.28878	120.60723	-41.541534	356000	2.0489097e-08	1499.5076	-0.023977537	-220.54317	0.7677603	0.0153948525	0.23625	16.0	159.63629031181335
89	382.0478	163.51454	737.8658	164.30211	206.125	98.07553	37.202663	121.80092	0.4551506	360000	-1.4901161e-08	1280.2107	-0.017915456	-180.11801	0.76709586	0.015323015	0.18849999	14.0	161.2885227203369
90	424.9798	256.6239	1014.5888	76.618904	228.92308	107.17492	30.510448	123.13769	-53.902264	364000	-7.8231096e-08	1763.668	-0.019037295	-245.38606	0.76728004	0.015561175	0.1945	10.0	162.92758345603943
91	462.2668	255.22144	977.2194	170.43623	256.57144	109.90831	31.562124	124.99669	7.0644937	368000	-1.5832484e-08	1320.9512	-0.01502676	-224.88737	0.7666294	0.015872475	0.20324999	10.0	164.58378911018372
92	377.95657	152.92834	848.9401	225.11404	197.41176	102.2048	39.401363	126.58958	1.9599795	372000	-3.7252903e-09	1485.5125	-0.027674083	-212.8805	0.76620555	0.015388724	0.2095	24.0	166.4665551185608
93	391.47644	195.74197	749.5913	145.11586	219.0	108.96431	34.531082	127.83664	3.9923382	376000	-3.7252903e-09	1360.1614	-0.023905994	-196.24818	0.7639104	0.015453724	0.17175001	21.0	168.1046702861786
94	410.58377	191.0855	830.89777	161.4753	235.125	102.30287	38.19543	128.74062	-6.1132317	380000	2.9802322e-08	953.44147	-0.014995318	-222.07095	0.76303995	0.01584718	0.1945	9.0	169.7463641166687
95	407.511	212.86505	751.5972	32.74764	216.0	111.17911	34.536804	129.46727	-3.9908876	384000	-1.1175871e-08	1390.9111	-0.013974596	-186.81436	0.76232046	0.015646638	0.21149999	10.0	171.4913341999054
96	418.08627	197.47853	853.3844	188.56752	218.0	106.7114	37.570816	130.59732	-6.460834	388000	2.9802322e-08	1703.6637	-0.025413102	-342.75656	0.7608939	0.01520394	0.19974999	19.0	173.30332326889038
97	446.49713	215.68935	858.2034	151.6531	230.26666	111.394615	37.85394	132.17412	-10.519227	392000	7.450581e-09	2036.5579	-0.027928965	-208.51944	0.75916535	0.015331958	0.22075	26.0	175.02484798431396
98	575.64813	291.7301	1226.3341	109.32986	308.91666	117.388435	34.00016	133.8728	0.32341337	396000	1.3038516e-08	1456.8093	-0.03545744	-199.79695	0.7601227	0.015032357	0.23324999	45.0	176.81487393379211
99	371.26566	186.69801	809.86926	128.29947	195.625	114.12148	37.259552	135.32732	-4.468929	400000	-1.1175871e-08	1578.6229	-0.016418526	-290.87772	0.76188344	0.015697964	0.17275	11.0	178.48362922668457
100	421.75833	200.13676	815.1607	158.38043	229.0	116.093704	39.26716	136.4155	-6.832802	404000	0.0	1556.606	-0.015317599	-187.76169	0.76180315	0.015110833	0.21024999	10.0	180.15868425369263
101	436.61377	256.0642	947.25977	75.640114	233.21428	114.8097	41.18832	137.76506	-5.544734	408000	-7.450581e-09	1401.3394	-0.023134632	-220.15149	0.76189226	0.01501654	0.215	15.0	181.95891547203064
102	485.6238	270.51157	1191.6246	97.6655	244.64285	117.82969	38.463993	139.1854	-23.02353	412000	-2.2351742e-08	1573.131	-0.026587367	-333.6236	0.76163745	0.015174357	0.18825	25.0	183.87727570533752
103	446.7101	262.59628	977.3116	44.817688	236.0	116.96478	39.58412	140.50412	-9.667185	416000	1.8626451e-08	1361.522	-0.018604461	-211.54118	0.7629149	0.0151522	0.17074999	12.0	185.6933135986328
104	417.45297	145.34547	693.9905	218.8352	222.42857	126.534294	34.26613	141.68335	-57.81211	420000	1.4901161e-08	1248.4761	-0.020978956	-338.61786	0.7638195	0.015055165	0.17925	17.0	187.44548439979553
105	505.0477	273.1612	1207.4519	40.264183	274.16666	117.36035	38.987286	142.27792	-7.649707	424000	1.4901161e-08	1389.7988	-0.022216953	-388.39807	0.7645569	0.015395315	0.1845	17.0	189.2361695766449
106	692.31665	416.48343	1420.5223	133.44208	376.0	128.64688	33.924152	143.02895	-4.9577026	428000	3.5390258e-08	1387.0785	-0.033496097	-187.8211	0.76313406	0.015018751	0.22375	38.0	191.0473654270172
107	488.20734	339.45325	1097.2267	124.719154	268.76923	124.2504	36.528904	144.07184	3.7001123	432000	1.4901161e-08	1771.8368	-0.027197242	-388.3901	0.7609442	0.0152164595	0.21900001	24.0	192.88780283927917
